evals, mean, best, worst, success num
2, 1.7924455637538386, 1.2045236762881781, 2.3193092087981846, 0
4, 1.7924455637538386, 1.2045236762881781, 2.3193092087981846, 0
6, 1.7924455637538386, 1.2045236762881781, 2.3193092087981846, 0
8, 1.7924455637538386, 1.2045236762881781, 2.3193092087981846, 0
10, 1.7924455637538386, 1.2045236762881781, 2.3193092087981846, 0
12, 1.7924455637538386, 1.2045236762881781, 2.3193092087981846, 0
14, 1.7924455637538386, 1.2045236762881781, 2.3193092087981846, 0
16, 1.7924455637538386, 1.2045236762881781, 2.3193092087981846, 0
18, 1.7924455637538386, 1.2045236762881781, 2.3193092087981846, 0
20, 0.014709053255006727, 0.009237985220002012, 0.02072111372781446, 4
22, 0.014709053255006727, 0.009237985220002012, 0.02072111372781446, 4
23, 0.014709053255006727, 0.009237985220002012, 0.02072111372781446, 4
25, 0.014709053255006727, 0.009237985220002012, 0.02072111372781446, 4
27, 0.014709053255006727, 0.009237985220002012, 0.02072111372781446, 4
29, 0.014709053255006727, 0.009237985220002012, 0.02072111372781446, 4
31, 0.0010466163112211769, 0.0006306150896664557, 0.0013860784992072801, 4
33, 0.0010466163112211769, 0.0006306150896664557, 0.0013860784992072801, 4
35, 0.0010466163112211769, 0.0006306150896664557, 0.0013860784992072801, 4
36, 0.0010466163112211769, 0.0006306150896664557, 0.0013860784992072801, 4
37, 0.0010466163112211769, 0.0006306150896664557, 0.0013860784992072801, 4
39, 0.0010466163112211769, 0.0006306150896664557, 0.0013860784992072801, 4
41, 0.0010466163112211769, 0.0006306150896664557, 0.0013860784992072801, 4
42, 0.0010466163112211769, 0.0006306150896664557, 0.0013860784992072801, 4
44, 0.0010466163112211769, 0.0006306150896664557, 0.0013860784992072801, 4
45, 0.0010466163112211769, 0.0006306150896664557, 0.0013860784992072801, 4
46, 0.0010466163112211769, 0.0006306150896664557, 0.0013860784992072801, 4
48, 0.0010466163112211769, 0.0006306150896664557, 0.0013860784992072801, 4
49, 0.0010466163112211769, 0.0006306150896664557, 0.0013860784992072801, 4
51, 0.0010466163112211769, 0.0006306150896664557, 0.0013860784992072801, 4
53, 0.0010466163112211769, 0.0006306150896664557, 0.0013860784992072801, 4
55, 0.0010466163112211769, 0.0006306150896664557, 0.0013860784992072801, 4
56, 0.0010466163112211769, 0.0006306150896664557, 0.0013860784992072801, 4
58, 0.0010466163112211769, 0.0006306150896664557, 0.0013860784992072801, 4
60, 0.0010466163112211769, 0.0006306150896664557, 0.0013860784992072801, 4
62, 0.0010466163112211769, 0.0006306150896664557, 0.0013860784992072801, 4
64, 0.0010466163112211769, 0.0006306150896664557, 0.0013860784992072801, 4
66, 0.0010466163112211769, 0.0006306150896664557, 0.0013860784992072801, 4
68, 0.0010466163112211769, 0.0006306150896664557, 0.0013860784992072801, 4
70, 0.0010466163112211769, 0.0006306150896664557, 0.0013860784992072801, 4
72, 0.0010466163112211769, 0.0006306150896664557, 0.0013860784992072801, 4
73, 0.0010466163112211769, 0.0006306150896664557, 0.0013860784992072801, 4
75, 0.0010466163112211769, 0.0006306150896664557, 0.0013860784992072801, 4
77, 0.0010466163112211769, 0.0006306150896664557, 0.0013860784992072801, 4
78, 0.0010466163112211769, 0.0006306150896664557, 0.0013860784992072801, 4
79, 0.0010466163112211769, 0.0006306150896664557, 0.0013860784992072801, 4
81, 0.0010466163112211769, 0.0006306150896664557, 0.0013860784992072801, 4
83, 0.0010466163112211769, 0.0006306150896664557, 0.0013860784992072801, 4
84, 0.0010466163112211769, 0.0006306150896664557, 0.0013860784992072801, 4
85, 0.0010466163112211769, 0.0006306150896664557, 0.0013860784992072801, 4
86, 0.0010466163112211769, 0.0006306150896664557, 0.0013860784992072801, 4
88, 0.0010466163112211769, 0.0006306150896664557, 0.0013860784992072801, 4
89, 0.0010466163112211769, 0.0006306150896664557, 0.0013860784992072801, 4
90, 0.0010466163112211769, 0.0006306150896664557, 0.0013860784992072801, 4
92, 0.0010466163112211769, 0.0006306150896664557, 0.0013860784992072801, 4
93, 0.0010466163112211769, 0.0006306150896664557, 0.0013860784992072801, 4
94, 0.0010466163112211769, 0.0006306150896664557, 0.0013860784992072801, 4
96, 0.0010466163112211769, 0.0006306150896664557, 0.0013860784992072801, 4
98, 0.0010466163112211769, 0.0006306150896664557, 0.0013860784992072801, 4
99, 0.0010466163112211769, 0.0006306150896664557, 0.0013860784992072801, 4
100, 0.0010466163112211769, 0.0006306150896664557, 0.0013860784992072801, 4
101, 0.0010466163112211769, 0.0006306150896664557, 0.0013860784992072801, 4
103, 0.0010466163112211769, 0.0006306150896664557, 0.0013860784992072801, 4
104, 0.0010466163112211769, 0.0006306150896664557, 0.0013860784992072801, 4
106, 0.0010466163112211769, 0.0006306150896664557, 0.0013860784992072801, 4
108, 0.0010466163112211769, 0.0006306150896664557, 0.0013860784992072801, 4
110, 0.0010466163112211769, 0.0006306150896664557, 0.0013860784992072801, 4
111, 0.0010466163112211769, 0.0006306150896664557, 0.0013860784992072801, 4
113, 0.0010466163112211769, 0.0006306150896664557, 0.0013860784992072801, 4
114, 0.0010466163112211769, 0.0006306150896664557, 0.0013860784992072801, 4
115, 0.0010466163112211769, 0.0006306150896664557, 0.0013860784992072801, 4
116, 0.0010466163112211769, 0.0006306150896664557, 0.0013860784992072801, 4
118, 0.0010466163112211769, 0.0006306150896664557, 0.0013860784992072801, 4
119, 0.0010466163112211769, 0.0006306150896664557, 0.0013860784992072801, 4
120, 0.0010466163112211769, 0.0006306150896664557, 0.0013860784992072801, 4
121, 0.0010466163112211769, 0.0006306150896664557, 0.0013860784992072801, 4
123, 0.0010466163112211769, 0.0006306150896664557, 0.0013860784992072801, 4
124, 0.0010466163112211769, 0.0006306150896664557, 0.0013860784992072801, 4
126, 0.0010466163112211769, 0.0006306150896664557, 0.0013860784992072801, 4
127, 0.0010466163112211769, 0.0006306150896664557, 0.0013860784992072801, 4
129, 0.0010466163112211769, 0.0006306150896664557, 0.0013860784992072801, 4
130, 0.0010466163112211769, 0.0006306150896664557, 0.0013860784992072801, 4
132, 0.0010466163112211769, 0.0006306150896664557, 0.0013860784992072801, 4
133, 0.0010466163112211769, 0.0006306150896664557, 0.0013860784992072801, 4
134, 0.0010466163112211769, 0.0006306150896664557, 0.0013860784992072801, 4
136, 0.0010466163112211769, 0.0006306150896664557, 0.0013860784992072801, 4
138, 0.0010466163112211769, 0.0006306150896664557, 0.0013860784992072801, 4
139, 0.0010466163112211769, 0.0006306150896664557, 0.0013860784992072801, 4
140, 0.0010466163112211769, 0.0006306150896664557, 0.0013860784992072801, 4
142, 0.0010466163112211769, 0.0006306150896664557, 0.0013860784992072801, 4
144, 0.0010466163112211769, 0.0006306150896664557, 0.0013860784992072801, 4
145, 0.0010466163112211769, 0.0006306150896664557, 0.0013860784992072801, 4
147, 0.0010466163112211769, 0.0006306150896664557, 0.0013860784992072801, 4
149, 0.0010466163112211769, 0.0006306150896664557, 0.0013860784992072801, 4
151, 0.0010466163112211769, 0.0006306150896664557, 0.0013860784992072801, 4
153, 0.0010466163112211769, 0.0006306150896664557, 0.0013860784992072801, 4
154, 0.0010466163112211769, 0.0006306150896664557, 0.0013860784992072801, 4
155, 0.0010466163112211769, 0.0006306150896664557, 0.0013860784992072801, 4
156, 0.0010466163112211769, 0.0006306150896664557, 0.0013860784992072801, 4
158, 0.0010466163112211769, 0.0006306150896664557, 0.0013860784992072801, 4
159, 0.0010466163112211769, 0.0006306150896664557, 0.0013860784992072801, 4
160, 0.0010466163112211769, 0.0006306150896664557, 0.0013860784992072801, 4
161, 0.0010466163112211769, 0.0006306150896664557, 0.0013860784992072801, 4
162, 0.0010466163112211769, 0.0006306150896664557, 0.0013860784992072801, 4
163, 0.0010466163112211769, 0.0006306150896664557, 0.0013860784992072801, 4
164, 0.0010466163112211769, 0.0006306150896664557, 0.0013860784992072801, 4
165, 0.0010466163112211769, 0.0006306150896664557, 0.0013860784992072801, 4
166, 0.0010466163112211769, 0.0006306150896664557, 0.0013860784992072801, 4
168, 0.0010466163112211769, 0.0006306150896664557, 0.0013860784992072801, 4
169, 0.0010466163112211769, 0.0006306150896664557, 0.0013860784992072801, 4
170, 0.0010466163112211769, 0.0006306150896664557, 0.0013860784992072801, 4
172, 0.0010466163112211769, 0.0006306150896664557, 0.0013860784992072801, 4
173, 0.0010466163112211769, 0.0006306150896664557, 0.0013860784992072801, 4
175, 0.0010466163112211769, 0.0006306150896664557, 0.0013860784992072801, 4
177, 0.0010466163112211769, 0.0006306150896664557, 0.0013860784992072801, 4
178, 0.0010466163112211769, 0.0006306150896664557, 0.0013860784992072801, 4
179, 0.0010466163112211769, 0.0006306150896664557, 0.0013860784992072801, 4
180, 0.0010466163112211769, 0.0006306150896664557, 0.0013860784992072801, 4
181, 0.0010466163112211769, 0.0006306150896664557, 0.0013860784992072801, 4
183, 0.0010466163112211769, 0.0006306150896664557, 0.0013860784992072801, 4
184, 0.0010466163112211769, 0.0006306150896664557, 0.0013860784992072801, 4
185, 0.0010466163112211769, 0.0006306150896664557, 0.0013860784992072801, 4
187, 0.0010466163112211769, 0.0006306150896664557, 0.0013860784992072801, 4
188, 0.0010466163112211769, 0.0006306150896664557, 0.0013860784992072801, 4
190, 0.0010466163112211769, 0.0006306150896664557, 0.0013860784992072801, 4
191, 0.0010466163112211769, 0.0006306150896664557, 0.0013860784992072801, 4
192, 0.0010466163112211769, 0.0006306150896664557, 0.0013860784992072801, 4
193, 0.0010466163112211769, 0.0006306150896664557, 0.0013860784992072801, 4
194, 0.0010466163112211769, 0.0006306150896664557, 0.0013860784992072801, 4
196, 0.0010466163112211769, 0.0006306150896664557, 0.0013860784992072801, 4
197, 0.0010466163112211769, 0.0006306150896664557, 0.0013860784992072801, 4
198, 0.0010466163112211769, 0.0006306150896664557, 0.0013860784992072801, 4
199, 0.0010466163112211769, 0.0006306150896664557, 0.0013860784992072801, 4
201, 0.0010466163112211769, 0.0006306150896664557, 0.0013860784992072801, 4
203, 0.0010466163112211769, 0.0006306150896664557, 0.0013860784992072801, 4
204, 0.0010466163112211769, 0.0006306150896664557, 0.0013860784992072801, 4
205, 0.0010466163112211769, 0.0006306150896664557, 0.0013860784992072801, 4
207, 0.0010466163112211769, 0.0006306150896664557, 0.0013860784992072801, 4
208, 0.0010466163112211769, 0.0006306150896664557, 0.0013860784992072801, 4
209, 0.0010466163112211769, 0.0006306150896664557, 0.0013860784992072801, 4
210, 0.0010466163112211769, 0.0006306150896664557, 0.0013860784992072801, 4
211, 0.0010466163112211769, 0.0006306150896664557, 0.0013860784992072801, 4
212, 0.0010466163112211769, 0.0006306150896664557, 0.0013860784992072801, 4
213, 0.0010466163112211769, 0.0006306150896664557, 0.0013860784992072801, 4
214, 0.0010466163112211769, 0.0006306150896664557, 0.0013860784992072801, 4
216, 0.0010466163112211769, 0.0006306150896664557, 0.0013860784992072801, 4
217, 0.0010466163112211769, 0.0006306150896664557, 0.0013860784992072801, 4
218, 0.0010466163112211769, 0.0006306150896664557, 0.0013860784992072801, 4
219, 0.0010466163112211769, 0.0006306150896664557, 0.0013860784992072801, 4
220, 0.0010466163112211769, 0.0006306150896664557, 0.0013860784992072801, 4
222, 0.0010466163112211769, 0.0006306150896664557, 0.0013860784992072801, 4
224, 0.0010466163112211769, 0.0006306150896664557, 0.0013860784992072801, 4
225, 0.0010466163112211769, 0.0006306150896664557, 0.0013860784992072801, 4
226, 0.0010466163112211769, 0.0006306150896664557, 0.0013860784992072801, 4
228, 0.0010466163112211769, 0.0006306150896664557, 0.0013860784992072801, 4
229, 0.0010466163112211769, 0.0006306150896664557, 0.0013860784992072801, 4
230, 0.0010466163112211769, 0.0006306150896664557, 0.0013860784992072801, 4
231, 0.0010466163112211769, 0.0006306150896664557, 0.0013860784992072801, 4
232, 0.0010466163112211769, 0.0006306150896664557, 0.0013860784992072801, 4
233, 0.0010466163112211769, 0.0006306150896664557, 0.0013860784992072801, 4
235, 0.0010466163112211769, 0.0006306150896664557, 0.0013860784992072801, 4
236, 0.0010466163112211769, 0.0006306150896664557, 0.0013860784992072801, 4
238, 0.0010466163112211769, 0.0006306150896664557, 0.0013860784992072801, 4
239, 0.0010466163112211769, 0.0006306150896664557, 0.0013860784992072801, 4
240, 0.0010466163112211769, 0.0006306150896664557, 0.0013860784992072801, 4
241, 0.0010466163112211769, 0.0006306150896664557, 0.0013860784992072801, 4
242, 0.0010466163112211769, 0.0006306150896664557, 0.0013860784992072801, 4
244, 0.0010466163112211769, 0.0006306150896664557, 0.0013860784992072801, 4
245, 0.0004762105081334302, 0.00030262944383232094, 0.0006381024841575621, 4
246, 0.0004762105081334302, 0.00030262944383232094, 0.0006381024841575621, 4
247, 0.0004762105081334302, 0.00030262944383232094, 0.0006381024841575621, 4
248, 0.0004762105081334302, 0.00030262944383232094, 0.0006381024841575621, 4
249, 0.0004762105081334302, 0.00030262944383232094, 0.0006381024841575621, 4
251, 0.0004762105081334302, 0.00030262944383232094, 0.0006381024841575621, 4
252, 0.0004762105081334302, 0.00030262944383232094, 0.0006381024841575621, 4
253, 0.0004762105081334302, 0.00030262944383232094, 0.0006381024841575621, 4
254, 0.0004762105081334302, 0.00030262944383232094, 0.0006381024841575621, 4
255, 0.0004762105081334302, 0.00030262944383232094, 0.0006381024841575621, 4
256, 0.0004762105081334302, 0.00030262944383232094, 0.0006381024841575621, 4
258, 0.0004762105081334302, 0.00030262944383232094, 0.0006381024841575621, 4
259, 0.0004762105081334302, 0.00030262944383232094, 0.0006381024841575621, 4
260, 0.0004762105081334302, 0.00030262944383232094, 0.0006381024841575621, 4
261, 0.0004762105081334302, 0.00030262944383232094, 0.0006381024841575621, 4
262, 0.0004762105081334302, 0.00030262944383232094, 0.0006381024841575621, 4
263, 0.0004762105081334302, 0.00030262944383232094, 0.0006381024841575621, 4
264, 0.0004762105081334302, 0.00030262944383232094, 0.0006381024841575621, 4
265, 0.0004762105081334302, 0.00030262944383232094, 0.0006381024841575621, 4
266, 0.0004762105081334302, 0.00030262944383232094, 0.0006381024841575621, 4
267, 0.0004762105081334302, 0.00030262944383232094, 0.0006381024841575621, 4
268, 0.0004762105081334302, 0.00030262944383232094, 0.0006381024841575621, 4
269, 0.0004762105081334302, 0.00030262944383232094, 0.0006381024841575621, 4
270, 0.0004762105081334302, 0.00030262944383232094, 0.0006381024841575621, 4
271, 0.0004762105081334302, 0.00030262944383232094, 0.0006381024841575621, 4
272, 0.0004762105081334302, 0.00030262944383232094, 0.0006381024841575621, 4
273, 0.0004762105081334302, 0.00030262944383232094, 0.0006381024841575621, 4
274, 0.0004762105081334302, 0.00030262944383232094, 0.0006381024841575621, 4
275, 0.0004762105081334302, 0.00030262944383232094, 0.0006381024841575621, 4
276, 0.0004762105081334302, 0.00030262944383232094, 0.0006381024841575621, 4
277, 0.0004762105081334302, 0.00030262944383232094, 0.0006381024841575621, 4
278, 0.0004762105081334302, 0.00030262944383232094, 0.0006381024841575621, 4
279, 0.0004762105081334302, 0.00030262944383232094, 0.0006381024841575621, 4
281, 0.0004762105081334302, 0.00030262944383232094, 0.0006381024841575621, 4
282, 0.0004762105081334302, 0.00030262944383232094, 0.0006381024841575621, 4
283, 0.0004762105081334302, 0.00030262944383232094, 0.0006381024841575621, 4
284, 0.0004762105081334302, 0.00030262944383232094, 0.0006381024841575621, 4
285, 0.0004762105081334302, 0.00030262944383232094, 0.0006381024841575621, 4
286, 0.0004762105081334302, 0.00030262944383232094, 0.0006381024841575621, 4
287, 0.0004762105081334302, 0.00030262944383232094, 0.0006381024841575621, 4
288, 0.0004762105081334302, 0.00030262944383232094, 0.0006381024841575621, 4
290, 0.0004762105081334302, 0.00030262944383232094, 0.0006381024841575621, 4
291, 0.0004762105081334302, 0.00030262944383232094, 0.0006381024841575621, 4
292, 0.0004762105081334302, 0.00030262944383232094, 0.0006381024841575621, 4
293, 0.0004762105081334302, 0.00030262944383232094, 0.0006381024841575621, 4
294, 0.0004762105081334302, 0.00030262944383232094, 0.0006381024841575621, 4
295, 0.0004762105081334302, 0.00030262944383232094, 0.0006381024841575621, 4
296, 0.0004762105081334302, 0.00030262944383232094, 0.0006381024841575621, 4
297, 0.0004762105081334302, 0.00030262944383232094, 0.0006381024841575621, 4
298, 0.0004762105081334302, 0.00030262944383232094, 0.0006381024841575621, 4
299, 0.0004762105081334302, 0.00030262944383232094, 0.0006381024841575621, 4
301, 0.0004762105081334302, 0.00030262944383232094, 0.0006381024841575621, 4
302, 0.0004762105081334302, 0.00030262944383232094, 0.0006381024841575621, 4
304, 0.0004762105081334302, 0.00030262944383232094, 0.0006381024841575621, 4
305, 0.0004762105081334302, 0.00030262944383232094, 0.0006381024841575621, 4
306, 0.0004762105081334302, 0.00030262944383232094, 0.0006381024841575621, 4
307, 0.0004762105081334302, 0.00030262944383232094, 0.0006381024841575621, 4
308, 0.0004762105081334302, 0.00030262944383232094, 0.0006381024841575621, 4
309, 0.0004762105081334302, 0.00030262944383232094, 0.0006381024841575621, 4
310, 0.00027691232050019044, 0.0001918510800256995, 0.00038919026002723567, 4
311, 0.00027691232050019044, 0.0001918510800256995, 0.00038919026002723567, 4
312, 0.00027691232050019044, 0.0001918510800256995, 0.00038919026002723567, 4
313, 0.00027691232050019044, 0.0001918510800256995, 0.00038919026002723567, 4
314, 0.00027691232050019044, 0.0001918510800256995, 0.00038919026002723567, 4
315, 0.00027691232050019044, 0.0001918510800256995, 0.00038919026002723567, 4
317, 0.00027691232050019044, 0.0001918510800256995, 0.00038919026002723567, 4
318, 0.00027691232050019044, 0.0001918510800256995, 0.00038919026002723567, 4
319, 0.00027691232050019044, 0.0001918510800256995, 0.00038919026002723567, 4
320, 0.00027691232050019044, 0.0001918510800256995, 0.00038919026002723567, 4
322, 0.00027691232050019044, 0.0001918510800256995, 0.00038919026002723567, 4
323, 0.00027691232050019044, 0.0001918510800256995, 0.00038919026002723567, 4
324, 0.00027691232050019044, 0.0001918510800256995, 0.00038919026002723567, 4
325, 0.00027691232050019044, 0.0001918510800256995, 0.00038919026002723567, 4
326, 0.00027691232050019044, 0.0001918510800256995, 0.00038919026002723567, 4
327, 0.00027691232050019044, 0.0001918510800256995, 0.00038919026002723567, 4
328, 0.00027691232050019044, 0.0001918510800256995, 0.00038919026002723567, 4
329, 0.00027691232050019044, 0.0001918510800256995, 0.00038919026002723567, 4
330, 0.00027691232050019044, 0.0001918510800256995, 0.00038919026002723567, 4
331, 0.00027691232050019044, 0.0001918510800256995, 0.00038919026002723567, 4
332, 0.00027691232050019044, 0.0001918510800256995, 0.00038919026002723567, 4
333, 0.00027691232050019044, 0.0001918510800256995, 0.00038919026002723567, 4
335, 0.00027691232050019044, 0.0001918510800256995, 0.00038919026002723567, 4
336, 0.00027691232050019044, 0.0001918510800256995, 0.00038919026002723567, 4
337, 0.00027691232050019044, 0.0001918510800256995, 0.00038919026002723567, 4
338, 0.00027691232050019044, 0.0001918510800256995, 0.00038919026002723567, 4
339, 0.00027691232050019044, 0.0001918510800256995, 0.00038919026002723567, 4
341, 0.00027691232050019044, 0.0001918510800256995, 0.00038919026002723567, 4
342, 0.00027691232050019044, 0.0001918510800256995, 0.00038919026002723567, 4
343, 0.00027691232050019044, 0.0001918510800256995, 0.00038919026002723567, 4
344, 0.00027691232050019044, 0.0001918510800256995, 0.00038919026002723567, 4
345, 0.00027691232050019044, 0.0001918510800256995, 0.00038919026002723567, 4
346, 0.00027691232050019044, 0.0001918510800256995, 0.00038919026002723567, 4
347, 0.00027691232050019044, 0.0001918510800256995, 0.00038919026002723567, 4
348, 0.00027691232050019044, 0.0001918510800256995, 0.00038919026002723567, 4
349, 0.00027691232050019044, 0.0001918510800256995, 0.00038919026002723567, 4
350, 0.00027691232050019044, 0.0001918510800256995, 0.00038919026002723567, 4
351, 0.00027691232050019044, 0.0001918510800256995, 0.00038919026002723567, 4
353, 0.00027691232050019044, 0.0001918510800256995, 0.00038919026002723567, 4
354, 0.00027691232050019044, 0.0001918510800256995, 0.00038919026002723567, 4
355, 0.00027691232050019044, 0.0001918510800256995, 0.00038919026002723567, 4
356, 0.00027691232050019044, 0.0001918510800256995, 0.00038919026002723567, 4
357, 0.00027691232050019044, 0.0001918510800256995, 0.00038919026002723567, 4
358, 0.00027691232050019044, 0.0001918510800256995, 0.00038919026002723567, 4
359, 0.00027691232050019044, 0.0001918510800256995, 0.00038919026002723567, 4
360, 0.00027691232050019044, 0.0001918510800256995, 0.00038919026002723567, 4
361, 0.00027691232050019044, 0.0001918510800256995, 0.00038919026002723567, 4
363, 0.00027691232050019044, 0.0001918510800256995, 0.00038919026002723567, 4
364, 0.00027691232050019044, 0.0001918510800256995, 0.00038919026002723567, 4
365, 0.00027691232050019044, 0.0001918510800256995, 0.00038919026002723567, 4
366, 0.00027691232050019044, 0.0001918510800256995, 0.00038919026002723567, 4
367, 0.00027691232050019044, 0.0001918510800256995, 0.00038919026002723567, 4
368, 0.00027691232050019044, 0.0001918510800256995, 0.00038919026002723567, 4
369, 0.00027691232050019044, 0.0001918510800256995, 0.00038919026002723567, 4
370, 0.00027691232050019044, 0.0001918510800256995, 0.00038919026002723567, 4
371, 0.00027691232050019044, 0.0001918510800256995, 0.00038919026002723567, 4
372, 0.00027691232050019044, 0.0001918510800256995, 0.00038919026002723567, 4
373, 0.00027691232050019044, 0.0001918510800256995, 0.00038919026002723567, 4
374, 0.00027691232050019044, 0.0001918510800256995, 0.00038919026002723567, 4
375, 0.00027691232050019044, 0.0001918510800256995, 0.00038919026002723567, 4
376, 0.00027691232050019044, 0.0001918510800256995, 0.00038919026002723567, 4
377, 0.00027691232050019044, 0.0001918510800256995, 0.00038919026002723567, 4
378, 0.00027691232050019044, 0.0001918510800256995, 0.00038919026002723567, 4
379, 0.00027691232050019044, 0.0001918510800256995, 0.00038919026002723567, 4
380, 0.00027691232050019044, 0.0001918510800256995, 0.00038919026002723567, 4
381, 0.00027691232050019044, 0.0001918510800256995, 0.00038919026002723567, 4
382, 0.00027691232050019044, 0.0001918510800256995, 0.00038919026002723567, 4
383, 0.00027691232050019044, 0.0001918510800256995, 0.00038919026002723567, 4
384, 0.00027691232050019044, 0.0001918510800256995, 0.00038919026002723567, 4
385, 0.00027691232050019044, 0.0001918510800256995, 0.00038919026002723567, 4
386, 0.00027691232050019044, 0.0001918510800256995, 0.00038919026002723567, 4
387, 0.00027691232050019044, 0.0001918510800256995, 0.00038919026002723567, 4
388, 0.00027691232050019044, 0.0001918510800256995, 0.00038919026002723567, 4
389, 0.00027691232050019044, 0.0001918510800256995, 0.00038919026002723567, 4
390, 0.00027691232050019044, 0.0001918510800256995, 0.00038919026002723567, 4
391, 0.00027691232050019044, 0.0001918510800256995, 0.00038919026002723567, 4
392, 0.00027691232050019044, 0.0001918510800256995, 0.00038919026002723567, 4
393, 0.00027691232050019044, 0.0001918510800256995, 0.00038919026002723567, 4
394, 0.00027691232050019044, 0.0001918510800256995, 0.00038919026002723567, 4
395, 0.00027691232050019044, 0.0001918510800256995, 0.00038919026002723567, 4
396, 0.00027691232050019044, 0.0001918510800256995, 0.00038919026002723567, 4
397, 0.00027691232050019044, 0.0001918510800256995, 0.00038919026002723567, 4
398, 0.00027691232050019044, 0.0001918510800256995, 0.00038919026002723567, 4
400, 0.00027691232050019044, 0.0001918510800256995, 0.00038919026002723567, 4
401, 0.00027691232050019044, 0.0001918510800256995, 0.00038919026002723567, 4
402, 0.00027691232050019044, 0.0001918510800256995, 0.00038919026002723567, 4
403, 0.00027691232050019044, 0.0001918510800256995, 0.00038919026002723567, 4
404, 0.00027691232050019044, 0.0001918510800256995, 0.00038919026002723567, 4
405, 0.00027691232050019044, 0.0001918510800256995, 0.00038919026002723567, 4
406, 0.00027691232050019044, 0.0001918510800256995, 0.00038919026002723567, 4
407, 0.00027691232050019044, 0.0001918510800256995, 0.00038919026002723567, 4
408, 0.00027691232050019044, 0.0001918510800256995, 0.00038919026002723567, 4
409, 0.00027691232050019044, 0.0001918510800256995, 0.00038919026002723567, 4
410, 0.00027691232050019044, 0.0001918510800256995, 0.00038919026002723567, 4
411, 0.00027691232050019044, 0.0001918510800256995, 0.00038919026002723567, 4
412, 0.00027691232050019044, 0.0001918510800256995, 0.00038919026002723567, 4
413, 0.00027691232050019044, 0.0001918510800256995, 0.00038919026002723567, 4
414, 0.00027691232050019044, 0.0001918510800256995, 0.00038919026002723567, 4
415, 0.00027691232050019044, 0.0001918510800256995, 0.00038919026002723567, 4
416, 0.00027691232050019044, 0.0001918510800256995, 0.00038919026002723567, 4
417, 0.00027691232050019044, 0.0001918510800256995, 0.00038919026002723567, 4
418, 0.00027691232050019044, 0.0001918510800256995, 0.00038919026002723567, 4
419, 0.00027691232050019044, 0.0001918510800256995, 0.00038919026002723567, 4
421, 0.00027691232050019044, 0.0001918510800256995, 0.00038919026002723567, 4
422, 0.00027691232050019044, 0.0001918510800256995, 0.00038919026002723567, 4
423, 0.00027691232050019044, 0.0001918510800256995, 0.00038919026002723567, 4
424, 0.00027691232050019044, 0.0001918510800256995, 0.00038919026002723567, 4
425, 0.00027691232050019044, 0.0001918510800256995, 0.00038919026002723567, 4
426, 0.00027691232050019044, 0.0001918510800256995, 0.00038919026002723567, 4
427, 0.00027691232050019044, 0.0001918510800256995, 0.00038919026002723567, 4
428, 0.00027691232050019044, 0.0001918510800256995, 0.00038919026002723567, 4
429, 0.00027691232050019044, 0.0001918510800256995, 0.00038919026002723567, 4
430, 0.00027691232050019044, 0.0001918510800256995, 0.00038919026002723567, 4
431, 0.00027691232050019044, 0.0001918510800256995, 0.00038919026002723567, 4
432, 0.00027691232050019044, 0.0001918510800256995, 0.00038919026002723567, 4
433, 0.00027691232050019044, 0.0001918510800256995, 0.00038919026002723567, 4
434, 0.00027691232050019044, 0.0001918510800256995, 0.00038919026002723567, 4
435, 0.00027691232050019044, 0.0001918510800256995, 0.00038919026002723567, 4
436, 0.00027691232050019044, 0.0001918510800256995, 0.00038919026002723567, 4
437, 0.00027691232050019044, 0.0001918510800256995, 0.00038919026002723567, 4
438, 0.00027691232050019044, 0.0001918510800256995, 0.00038919026002723567, 4
439, 0.00027691232050019044, 0.0001918510800256995, 0.00038919026002723567, 4
440, 0.00027691232050019044, 0.0001918510800256995, 0.00038919026002723567, 4
441, 0.00027691232050019044, 0.0001918510800256995, 0.00038919026002723567, 4
442, 0.00027691232050019044, 0.0001918510800256995, 0.00038919026002723567, 4
443, 0.00027691232050019044, 0.0001918510800256995, 0.00038919026002723567, 4
444, 0.00027691232050019044, 0.0001918510800256995, 0.00038919026002723567, 4
445, 0.00027691232050019044, 0.0001918510800256995, 0.00038919026002723567, 4
446, 0.00027691232050019044, 0.0001918510800256995, 0.00038919026002723567, 4
447, 0.00027691232050019044, 0.0001918510800256995, 0.00038919026002723567, 4
448, 0.00027691232050019044, 0.0001918510800256995, 0.00038919026002723567, 4
449, 0.00027691232050019044, 0.0001918510800256995, 0.00038919026002723567, 4
450, 0.00027691232050019044, 0.0001918510800256995, 0.00038919026002723567, 4
451, 0.00027691232050019044, 0.0001918510800256995, 0.00038919026002723567, 4
452, 0.00027691232050019044, 0.0001918510800256995, 0.00038919026002723567, 4
453, 0.00027691232050019044, 0.0001918510800256995, 0.00038919026002723567, 4
454, 0.00027691232050019044, 0.0001918510800256995, 0.00038919026002723567, 4
455, 0.00027691232050019044, 0.0001918510800256995, 0.00038919026002723567, 4
456, 0.00027691232050019044, 0.0001918510800256995, 0.00038919026002723567, 4
457, 8.513601101269964e-6, 2.3464307952212413e-6, 1.5770119778617116e-5, 4
458, 8.513601101269964e-6, 2.3464307952212413e-6, 1.5770119778617116e-5, 4
459, 8.513601101269964e-6, 2.3464307952212413e-6, 1.5770119778617116e-5, 4
460, 8.513601101269964e-6, 2.3464307952212413e-6, 1.5770119778617116e-5, 4
461, 8.513601101269964e-6, 2.3464307952212413e-6, 1.5770119778617116e-5, 4
462, 8.513601101269964e-6, 2.3464307952212413e-6, 1.5770119778617116e-5, 4
463, 8.513601101269964e-6, 2.3464307952212413e-6, 1.5770119778617116e-5, 4
464, 8.513601101269964e-6, 2.3464307952212413e-6, 1.5770119778617116e-5, 4
465, 8.513601101269964e-6, 2.3464307952212413e-6, 1.5770119778617116e-5, 4
466, 8.513601101269964e-6, 2.3464307952212413e-6, 1.5770119778617116e-5, 4
467, 8.513601101269964e-6, 2.3464307952212413e-6, 1.5770119778617116e-5, 4
468, 8.513601101269964e-6, 2.3464307952212413e-6, 1.5770119778617116e-5, 4
469, 8.513601101269964e-6, 2.3464307952212413e-6, 1.5770119778617116e-5, 4
470, 8.513601101269964e-6, 2.3464307952212413e-6, 1.5770119778617116e-5, 4
471, 8.513601101269964e-6, 2.3464307952212413e-6, 1.5770119778617116e-5, 4
472, 8.513601101269964e-6, 2.3464307952212413e-6, 1.5770119778617116e-5, 4
473, 8.513601101269964e-6, 2.3464307952212413e-6, 1.5770119778617116e-5, 4
474, 8.513601101269964e-6, 2.3464307952212413e-6, 1.5770119778617116e-5, 4
475, 8.513601101269964e-6, 2.3464307952212413e-6, 1.5770119778617116e-5, 4
476, 8.513601101269964e-6, 2.3464307952212413e-6, 1.5770119778617116e-5, 4
477, 8.513601101269964e-6, 2.3464307952212413e-6, 1.5770119778617116e-5, 4
479, 8.513601101269964e-6, 2.3464307952212413e-6, 1.5770119778617116e-5, 4
480, 8.513601101269964e-6, 2.3464307952212413e-6, 1.5770119778617116e-5, 4
481, 8.513601101269964e-6, 2.3464307952212413e-6, 1.5770119778617116e-5, 4
482, 8.513601101269964e-6, 2.3464307952212413e-6, 1.5770119778617116e-5, 4
483, 8.513601101269964e-6, 2.3464307952212413e-6, 1.5770119778617116e-5, 4
484, 8.513601101269964e-6, 2.3464307952212413e-6, 1.5770119778617116e-5, 4
485, 8.513601101269964e-6, 2.3464307952212413e-6, 1.5770119778617116e-5, 4
486, 8.513601101269964e-6, 2.3464307952212413e-6, 1.5770119778617116e-5, 4
487, 8.513601101269964e-6, 2.3464307952212413e-6, 1.5770119778617116e-5, 4
489, 8.513601101269964e-6, 2.3464307952212413e-6, 1.5770119778617116e-5, 4
490, 8.513601101269964e-6, 2.3464307952212413e-6, 1.5770119778617116e-5, 4
491, 8.513601101269964e-6, 2.3464307952212413e-6, 1.5770119778617116e-5, 4
492, 8.513601101269964e-6, 2.3464307952212413e-6, 1.5770119778617116e-5, 4
493, 8.513601101269964e-6, 2.3464307952212413e-6, 1.5770119778617116e-5, 4
494, 8.513601101269964e-6, 2.3464307952212413e-6, 1.5770119778617116e-5, 4
495, 8.513601101269964e-6, 2.3464307952212413e-6, 1.5770119778617116e-5, 4
496, 8.513601101269964e-6, 2.3464307952212413e-6, 1.5770119778617116e-5, 4
497, 8.513601101269964e-6, 2.3464307952212413e-6, 1.5770119778617116e-5, 4
498, 8.513601101269964e-6, 2.3464307952212413e-6, 1.5770119778617116e-5, 4
499, 8.513601101269964e-6, 2.3464307952212413e-6, 1.5770119778617116e-5, 4
500, 8.513601101269964e-6, 2.3464307952212413e-6, 1.5770119778617116e-5, 4
501, 8.513601101269964e-6, 2.3464307952212413e-6, 1.5770119778617116e-5, 4
