evals, mean, best, worst, success num
2, 2.58413285909048, 1.937317773315971, 3.1776477669033247, 0
4, 2.58413285909048, 1.937317773315971, 3.1776477669033247, 0
6, 1.438333621062909, 1.176003108463029, 1.7863501802285642, 0
8, 1.438333621062909, 1.176003108463029, 1.7863501802285642, 0
10, 1.438333621062909, 1.176003108463029, 1.7863501802285642, 0
12, 1.438333621062909, 1.176003108463029, 1.7863501802285642, 0
14, 1.438333621062909, 1.176003108463029, 1.7863501802285642, 0
16, 1.438333621062909, 1.176003108463029, 1.7863501802285642, 0
18, 0.9966776301309328, 0.48221314357938383, 1.532322603964459, 0
20, 0.9966776301309328, 0.48221314357938383, 1.532322603964459, 0
21, 0.9966776301309328, 0.48221314357938383, 1.532322603964459, 0
23, 0.11877382923641133, 0.11877382923641132, 0.11877382923641136, 0
25, 0.11877382923641133, 0.11877382923641132, 0.11877382923641136, 0
27, 0.11877382923641133, 0.11877382923641132, 0.11877382923641136, 0
29, 0.11877382923641133, 0.11877382923641132, 0.11877382923641136, 0
30, 0.11877382923641133, 0.11877382923641132, 0.11877382923641136, 0
32, 0.013035198558294644, 0.008698531105153028, 0.01734291148011577, 4
34, 0.013035198558294644, 0.008698531105153028, 0.01734291148011577, 4
36, 0.013035198558294644, 0.008698531105153028, 0.01734291148011577, 4
38, 0.013035198558294644, 0.008698531105153028, 0.01734291148011577, 4
40, 0.013035198558294644, 0.008698531105153028, 0.01734291148011577, 4
42, 0.013035198558294644, 0.008698531105153028, 0.01734291148011577, 4
43, 0.013035198558294644, 0.008698531105153028, 0.01734291148011577, 4
45, 0.013035198558294644, 0.008698531105153028, 0.01734291148011577, 4
47, 0.013035198558294644, 0.008698531105153028, 0.01734291148011577, 4
49, 0.013035198558294644, 0.008698531105153028, 0.01734291148011577, 4
50, 0.013035198558294644, 0.008698531105153028, 0.01734291148011577, 4
52, 0.013035198558294644, 0.008698531105153028, 0.01734291148011577, 4
54, 0.013035198558294644, 0.008698531105153028, 0.01734291148011577, 4
55, 0.013035198558294644, 0.008698531105153028, 0.01734291148011577, 4
57, 0.013035198558294644, 0.008698531105153028, 0.01734291148011577, 4
59, 0.013035198558294644, 0.008698531105153028, 0.01734291148011577, 4
61, 0.013035198558294644, 0.008698531105153028, 0.01734291148011577, 4
62, 0.013035198558294644, 0.008698531105153028, 0.01734291148011577, 4
64, 0.013035198558294644, 0.008698531105153028, 0.01734291148011577, 4
66, 0.013035198558294644, 0.008698531105153028, 0.01734291148011577, 4
68, 0.013035198558294644, 0.008698531105153028, 0.01734291148011577, 4
70, 0.013035198558294644, 0.008698531105153028, 0.01734291148011577, 4
72, 0.013035198558294644, 0.008698531105153028, 0.01734291148011577, 4
73, 0.013035198558294644, 0.008698531105153028, 0.01734291148011577, 4
74, 0.013035198558294644, 0.008698531105153028, 0.01734291148011577, 4
76, 0.013035198558294644, 0.008698531105153028, 0.01734291148011577, 4
78, 0.012347293631768985, 0.008305754205159834, 0.016379960137741508, 4
80, 0.012347293631768985, 0.008305754205159834, 0.016379960137741508, 4
82, 0.012347293631768985, 0.008305754205159834, 0.016379960137741508, 4
84, 0.012347293631768985, 0.008305754205159834, 0.016379960137741508, 4
86, 0.012347293631768985, 0.008305754205159834, 0.016379960137741508, 4
88, 0.012347293631768985, 0.008305754205159834, 0.016379960137741508, 4
89, 0.012347293631768985, 0.008305754205159834, 0.016379960137741508, 4
91, 0.012347293631768985, 0.008305754205159834, 0.016379960137741508, 4
92, 0.012347293631768985, 0.008305754205159834, 0.016379960137741508, 4
94, 0.012347293631768985, 0.008305754205159834, 0.016379960137741508, 4
96, 0.012347293631768985, 0.008305754205159834, 0.016379960137741508, 4
98, 0.012347293631768985, 0.008305754205159834, 0.016379960137741508, 4
100, 0.012347293631768985, 0.008305754205159834, 0.016379960137741508, 4
101, 0.012347293631768985, 0.008305754205159834, 0.016379960137741508, 4
103, 0.012347293631768985, 0.008305754205159834, 0.016379960137741508, 4
104, 0.012347293631768985, 0.008305754205159834, 0.016379960137741508, 4
106, 0.012347293631768985, 0.008305754205159834, 0.016379960137741508, 4
108, 0.012347293631768985, 0.008305754205159834, 0.016379960137741508, 4
109, 0.012347293631768985, 0.008305754205159834, 0.016379960137741508, 4
111, 0.012347293631768985, 0.008305754205159834, 0.016379960137741508, 4
112, 0.012347293631768985, 0.008305754205159834, 0.016379960137741508, 4
113, 0.012347293631768985, 0.008305754205159834, 0.016379960137741508, 4
115, 0.012347293631768985, 0.008305754205159834, 0.016379960137741508, 4
117, 0.012347293631768985, 0.008305754205159834, 0.016379960137741508, 4
119, 0.012347293631768985, 0.008305754205159834, 0.016379960137741508, 4
121, 0.012347293631768985, 0.008305754205159834, 0.016379960137741508, 4
122, 0.004002583195573181, 0.002375082984298179, 0.0048215911643147355, 4
123, 0.004002583195573181, 0.002375082984298179, 0.0048215911643147355, 4
124, 0.004002583195573181, 0.002375082984298179, 0.0048215911643147355, 4
126, 0.004002583195573181, 0.002375082984298179, 0.0048215911643147355, 4
128, 0.004002583195573181, 0.002375082984298179, 0.0048215911643147355, 4
129, 0.004002583195573181, 0.002375082984298179, 0.0048215911643147355, 4
131, 0.004002583195573181, 0.002375082984298179, 0.0048215911643147355, 4
132, 0.004002583195573181, 0.002375082984298179, 0.0048215911643147355, 4
133, 0.004002583195573181, 0.002375082984298179, 0.0048215911643147355, 4
134, 0.004002583195573181, 0.002375082984298179, 0.0048215911643147355, 4
136, 0.004002583195573181, 0.002375082984298179, 0.0048215911643147355, 4
138, 0.004002583195573181, 0.002375082984298179, 0.0048215911643147355, 4
139, 0.004002583195573181, 0.002375082984298179, 0.0048215911643147355, 4
140, 0.004002583195573181, 0.002375082984298179, 0.0048215911643147355, 4
141, 0.004002583195573181, 0.002375082984298179, 0.0048215911643147355, 4
143, 0.004002583195573181, 0.002375082984298179, 0.0048215911643147355, 4
145, 0.004002583195573181, 0.002375082984298179, 0.0048215911643147355, 4
147, 0.004002583195573181, 0.002375082984298179, 0.0048215911643147355, 4
149, 0.004002583195573181, 0.002375082984298179, 0.0048215911643147355, 4
151, 0.004002583195573181, 0.002375082984298179, 0.0048215911643147355, 4
152, 0.004002583195573181, 0.002375082984298179, 0.0048215911643147355, 4
153, 0.004002583195573181, 0.002375082984298179, 0.0048215911643147355, 4
155, 0.004002583195573181, 0.002375082984298179, 0.0048215911643147355, 4
157, 0.004002583195573181, 0.002375082984298179, 0.0048215911643147355, 4
159, 0.004002583195573181, 0.002375082984298179, 0.0048215911643147355, 4
161, 0.004002583195573181, 0.002375082984298179, 0.0048215911643147355, 4
163, 0.004002583195573181, 0.002375082984298179, 0.0048215911643147355, 4
165, 0.004002583195573181, 0.002375082984298179, 0.0048215911643147355, 4
167, 0.004002583195573181, 0.002375082984298179, 0.0048215911643147355, 4
168, 0.004002583195573181, 0.002375082984298179, 0.0048215911643147355, 4
170, 0.004002583195573181, 0.002375082984298179, 0.0048215911643147355, 4
172, 0.004002583195573181, 0.002375082984298179, 0.0048215911643147355, 4
173, 0.004002583195573181, 0.002375082984298179, 0.0048215911643147355, 4
175, 0.004002583195573181, 0.002375082984298179, 0.0048215911643147355, 4
177, 0.004002583195573181, 0.002375082984298179, 0.0048215911643147355, 4
179, 0.004002583195573181, 0.002375082984298179, 0.0048215911643147355, 4
181, 0.004002583195573181, 0.002375082984298179, 0.0048215911643147355, 4
183, 0.004002583195573181, 0.002375082984298179, 0.0048215911643147355, 4
185, 0.004002583195573181, 0.002375082984298179, 0.0048215911643147355, 4
186, 0.004002583195573181, 0.002375082984298179, 0.0048215911643147355, 4
187, 0.004002583195573181, 0.002375082984298179, 0.0048215911643147355, 4
188, 0.004002583195573181, 0.002375082984298179, 0.0048215911643147355, 4
190, 0.004002583195573181, 0.002375082984298179, 0.0048215911643147355, 4
191, 0.004002583195573181, 0.002375082984298179, 0.0048215911643147355, 4
193, 0.004002583195573181, 0.002375082984298179, 0.0048215911643147355, 4
195, 0.004002583195573181, 0.002375082984298179, 0.0048215911643147355, 4
196, 0.004002583195573181, 0.002375082984298179, 0.0048215911643147355, 4
197, 0.004002583195573181, 0.002375082984298179, 0.0048215911643147355, 4
199, 0.004002583195573181, 0.002375082984298179, 0.0048215911643147355, 4
200, 0.004002583195573181, 0.002375082984298179, 0.0048215911643147355, 4
201, 0.004002583195573181, 0.002375082984298179, 0.0048215911643147355, 4
202, 0.004002583195573181, 0.002375082984298179, 0.0048215911643147355, 4
203, 0.004002583195573181, 0.002375082984298179, 0.0048215911643147355, 4
204, 0.004002583195573181, 0.002375082984298179, 0.0048215911643147355, 4
206, 0.004002583195573181, 0.002375082984298179, 0.0048215911643147355, 4
207, 0.004002583195573181, 0.002375082984298179, 0.0048215911643147355, 4
208, 0.004002583195573181, 0.002375082984298179, 0.0048215911643147355, 4
210, 0.004002583195573181, 0.002375082984298179, 0.0048215911643147355, 4
211, 0.004002583195573181, 0.002375082984298179, 0.0048215911643147355, 4
212, 0.004002583195573181, 0.002375082984298179, 0.0048215911643147355, 4
213, 0.004002583195573181, 0.002375082984298179, 0.0048215911643147355, 4
215, 0.004002583195573181, 0.002375082984298179, 0.0048215911643147355, 4
216, 0.004002583195573181, 0.002375082984298179, 0.0048215911643147355, 4
218, 0.004002583195573181, 0.002375082984298179, 0.0048215911643147355, 4
220, 0.004002583195573181, 0.002375082984298179, 0.0048215911643147355, 4
221, 0.004002583195573181, 0.002375082984298179, 0.0048215911643147355, 4
223, 0.004002583195573181, 0.002375082984298179, 0.0048215911643147355, 4
224, 0.004002583195573181, 0.002375082984298179, 0.0048215911643147355, 4
226, 0.004002583195573181, 0.002375082984298179, 0.0048215911643147355, 4
227, 0.004002583195573181, 0.002375082984298179, 0.0048215911643147355, 4
229, 0.004002583195573181, 0.002375082984298179, 0.0048215911643147355, 4
230, 0.004002583195573181, 0.002375082984298179, 0.0048215911643147355, 4
231, 0.004002583195573181, 0.002375082984298179, 0.0048215911643147355, 4
232, 0.004002583195573181, 0.002375082984298179, 0.0048215911643147355, 4
233, 0.004002583195573181, 0.002375082984298179, 0.0048215911643147355, 4
234, 0.004002583195573181, 0.002375082984298179, 0.0048215911643147355, 4
236, 0.004002583195573181, 0.002375082984298179, 0.0048215911643147355, 4
237, 0.004002583195573181, 0.002375082984298179, 0.0048215911643147355, 4
238, 0.004002583195573181, 0.002375082984298179, 0.0048215911643147355, 4
239, 0.004002583195573181, 0.002375082984298179, 0.0048215911643147355, 4
240, 0.004002583195573181, 0.002375082984298179, 0.0048215911643147355, 4
241, 0.004002583195573181, 0.002375082984298179, 0.0048215911643147355, 4
243, 0.004002583195573181, 0.002375082984298179, 0.0048215911643147355, 4
244, 0.004002583195573181, 0.002375082984298179, 0.0048215911643147355, 4
246, 0.004002583195573181, 0.002375082984298179, 0.0048215911643147355, 4
248, 0.004002583195573181, 0.002375082984298179, 0.0048215911643147355, 4
249, 0.004002583195573181, 0.002375082984298179, 0.0048215911643147355, 4
250, 0.004002583195573181, 0.002375082984298179, 0.0048215911643147355, 4
251, 0.004002583195573181, 0.002375082984298179, 0.0048215911643147355, 4
252, 0.004002583195573181, 0.002375082984298179, 0.0048215911643147355, 4
253, 0.004002583195573181, 0.002375082984298179, 0.0048215911643147355, 4
254, 0.004002583195573181, 0.002375082984298179, 0.0048215911643147355, 4
255, 0.004002583195573181, 0.002375082984298179, 0.0048215911643147355, 4
256, 0.004002583195573181, 0.002375082984298179, 0.0048215911643147355, 4
258, 0.004002583195573181, 0.002375082984298179, 0.0048215911643147355, 4
259, 0.004002583195573181, 0.002375082984298179, 0.0048215911643147355, 4
260, 0.004002583195573181, 0.002375082984298179, 0.0048215911643147355, 4
261, 0.004002583195573181, 0.002375082984298179, 0.0048215911643147355, 4
262, 0.004002583195573181, 0.002375082984298179, 0.0048215911643147355, 4
263, 0.004002583195573181, 0.002375082984298179, 0.0048215911643147355, 4
264, 0.004002583195573181, 0.002375082984298179, 0.0048215911643147355, 4
265, 0.004002583195573181, 0.002375082984298179, 0.0048215911643147355, 4
266, 0.004002583195573181, 0.002375082984298179, 0.0048215911643147355, 4
267, 0.004002583195573181, 0.002375082984298179, 0.0048215911643147355, 4
268, 0.004002583195573181, 0.002375082984298179, 0.0048215911643147355, 4
269, 0.004002583195573181, 0.002375082984298179, 0.0048215911643147355, 4
270, 0.004002583195573181, 0.002375082984298179, 0.0048215911643147355, 4
272, 0.004002583195573181, 0.002375082984298179, 0.0048215911643147355, 4
273, 0.004002583195573181, 0.002375082984298179, 0.0048215911643147355, 4
274, 0.004002583195573181, 0.002375082984298179, 0.0048215911643147355, 4
275, 0.004002583195573181, 0.002375082984298179, 0.0048215911643147355, 4
277, 0.004002583195573181, 0.002375082984298179, 0.0048215911643147355, 4
278, 0.004002583195573181, 0.002375082984298179, 0.0048215911643147355, 4
279, 0.004002583195573181, 0.002375082984298179, 0.0048215911643147355, 4
280, 0.004002583195573181, 0.002375082984298179, 0.0048215911643147355, 4
282, 0.004002583195573181, 0.002375082984298179, 0.0048215911643147355, 4
283, 0.003499983075433664, 0.003269664651061175, 0.003590869493484948, 4
284, 0.003499983075433664, 0.003269664651061175, 0.003590869493484948, 4
285, 0.003499983075433664, 0.003269664651061175, 0.003590869493484948, 4
286, 0.003499983075433664, 0.003269664651061175, 0.003590869493484948, 4
287, 0.003499983075433664, 0.003269664651061175, 0.003590869493484948, 4
288, 0.003499983075433664, 0.003269664651061175, 0.003590869493484948, 4
289, 0.003499983075433664, 0.003269664651061175, 0.003590869493484948, 4
290, 0.003499983075433664, 0.003269664651061175, 0.003590869493484948, 4
291, 0.003499983075433664, 0.003269664651061175, 0.003590869493484948, 4
292, 0.003499983075433664, 0.003269664651061175, 0.003590869493484948, 4
293, 0.003499983075433664, 0.003269664651061175, 0.003590869493484948, 4
294, 0.003499983075433664, 0.003269664651061175, 0.003590869493484948, 4
296, 0.003499983075433664, 0.003269664651061175, 0.003590869493484948, 4
297, 0.003499983075433664, 0.003269664651061175, 0.003590869493484948, 4
298, 0.003499983075433664, 0.003269664651061175, 0.003590869493484948, 4
299, 0.003499983075433664, 0.003269664651061175, 0.003590869493484948, 4
300, 0.003499983075433664, 0.003269664651061175, 0.003590869493484948, 4
301, 0.003499983075433664, 0.003269664651061175, 0.003590869493484948, 4
302, 0.003499983075433664, 0.003269664651061175, 0.003590869493484948, 4
304, 0.003499983075433664, 0.003269664651061175, 0.003590869493484948, 4
305, 0.003499983075433664, 0.003269664651061175, 0.003590869493484948, 4
306, 0.003499983075433664, 0.003269664651061175, 0.003590869493484948, 4
307, 0.003499983075433664, 0.003269664651061175, 0.003590869493484948, 4
308, 0.003499983075433664, 0.003269664651061175, 0.003590869493484948, 4
310, 0.003499983075433664, 0.003269664651061175, 0.003590869493484948, 4
311, 0.003499983075433664, 0.003269664651061175, 0.003590869493484948, 4
313, 0.003499983075433664, 0.003269664651061175, 0.003590869493484948, 4
314, 0.003499983075433664, 0.003269664651061175, 0.003590869493484948, 4
315, 0.003499983075433664, 0.003269664651061175, 0.003590869493484948, 4
316, 0.003499983075433664, 0.003269664651061175, 0.003590869493484948, 4
317, 0.003499983075433664, 0.003269664651061175, 0.003590869493484948, 4
319, 0.003499983075433664, 0.003269664651061175, 0.003590869493484948, 4
320, 0.003499983075433664, 0.003269664651061175, 0.003590869493484948, 4
321, 0.003499983075433664, 0.003269664651061175, 0.003590869493484948, 4
322, 0.003499983075433664, 0.003269664651061175, 0.003590869493484948, 4
323, 0.003499983075433664, 0.003269664651061175, 0.003590869493484948, 4
325, 0.003499983075433664, 0.003269664651061175, 0.003590869493484948, 4
326, 0.003499983075433664, 0.003269664651061175, 0.003590869493484948, 4
327, 0.003499983075433664, 0.003269664651061175, 0.003590869493484948, 4
328, 0.003499983075433664, 0.003269664651061175, 0.003590869493484948, 4
329, 0.003499983075433664, 0.003269664651061175, 0.003590869493484948, 4
330, 0.003499983075433664, 0.003269664651061175, 0.003590869493484948, 4
331, 0.003499983075433664, 0.003269664651061175, 0.003590869493484948, 4
332, 0.003499983075433664, 0.003269664651061175, 0.003590869493484948, 4
333, 0.003499983075433664, 0.003269664651061175, 0.003590869493484948, 4
334, 0.003499983075433664, 0.003269664651061175, 0.003590869493484948, 4
335, 0.003499983075433664, 0.003269664651061175, 0.003590869493484948, 4
336, 0.003499983075433664, 0.003269664651061175, 0.003590869493484948, 4
337, 0.003499983075433664, 0.003269664651061175, 0.003590869493484948, 4
339, 0.003499983075433664, 0.003269664651061175, 0.003590869493484948, 4
340, 0.003499983075433664, 0.003269664651061175, 0.003590869493484948, 4
341, 0.003499983075433664, 0.003269664651061175, 0.003590869493484948, 4
343, 0.003499983075433664, 0.003269664651061175, 0.003590869493484948, 4
344, 0.003499983075433664, 0.003269664651061175, 0.003590869493484948, 4
345, 0.003499983075433664, 0.003269664651061175, 0.003590869493484948, 4
346, 0.003499983075433664, 0.003269664651061175, 0.003590869493484948, 4
347, 0.003499983075433664, 0.003269664651061175, 0.003590869493484948, 4
348, 0.003499983075433664, 0.003269664651061175, 0.003590869493484948, 4
349, 0.003499983075433664, 0.003269664651061175, 0.003590869493484948, 4
350, 0.003499983075433664, 0.003269664651061175, 0.003590869493484948, 4
351, 0.003499983075433664, 0.003269664651061175, 0.003590869493484948, 4
352, 0.003499983075433664, 0.003269664651061175, 0.003590869493484948, 4
353, 0.003499983075433664, 0.003269664651061175, 0.003590869493484948, 4
354, 0.003499983075433664, 0.003269664651061175, 0.003590869493484948, 4
355, 0.003499983075433664, 0.003269664651061175, 0.003590869493484948, 4
356, 0.003499983075433664, 0.003269664651061175, 0.003590869493484948, 4
357, 0.003499983075433664, 0.003269664651061175, 0.003590869493484948, 4
359, 0.003499983075433664, 0.003269664651061175, 0.003590869493484948, 4
360, 0.003499983075433664, 0.003269664651061175, 0.003590869493484948, 4
361, 0.003499983075433664, 0.003269664651061175, 0.003590869493484948, 4
362, 0.003499983075433664, 0.003269664651061175, 0.003590869493484948, 4
364, 0.003499983075433664, 0.003269664651061175, 0.003590869493484948, 4
365, 0.003499983075433664, 0.003269664651061175, 0.003590869493484948, 4
366, 0.003499983075433664, 0.003269664651061175, 0.003590869493484948, 4
367, 0.003499983075433664, 0.003269664651061175, 0.003590869493484948, 4
368, 0.003499983075433664, 0.003269664651061175, 0.003590869493484948, 4
369, 0.003499983075433664, 0.003269664651061175, 0.003590869493484948, 4
371, 0.003499983075433664, 0.003269664651061175, 0.003590869493484948, 4
372, 0.003499983075433664, 0.003269664651061175, 0.003590869493484948, 4
373, 0.003499983075433664, 0.003269664651061175, 0.003590869493484948, 4
374, 0.003499983075433664, 0.003269664651061175, 0.003590869493484948, 4
375, 0.003499983075433664, 0.003269664651061175, 0.003590869493484948, 4
376, 0.003499983075433664, 0.003269664651061175, 0.003590869493484948, 4
378, 0.003499983075433664, 0.003269664651061175, 0.003590869493484948, 4
379, 0.003499983075433664, 0.003269664651061175, 0.003590869493484948, 4
380, 0.003499983075433664, 0.003269664651061175, 0.003590869493484948, 4
381, 0.003499983075433664, 0.003269664651061175, 0.003590869493484948, 4
382, 0.00012679667114336564, 6.657778812071902e-5, 0.00014686963215092668, 4
383, 0.00012679667114336564, 6.657778812071902e-5, 0.00014686963215092668, 4
385, 0.00012679667114336564, 6.657778812071902e-5, 0.00014686963215092668, 4
386, 0.00012679667114336564, 6.657778812071902e-5, 0.00014686963215092668, 4
388, 0.00012679667114336564, 6.657778812071902e-5, 0.00014686963215092668, 4
389, 0.00012679667114336564, 6.657778812071902e-5, 0.00014686963215092668, 4
390, 0.00012679667114336564, 6.657778812071902e-5, 0.00014686963215092668, 4
391, 0.00012679667114336564, 6.657778812071902e-5, 0.00014686963215092668, 4
392, 0.00012679667114336564, 6.657778812071902e-5, 0.00014686963215092668, 4
393, 0.00012679667114336564, 6.657778812071902e-5, 0.00014686963215092668, 4
394, 0.00012679667114336564, 6.657778812071902e-5, 0.00014686963215092668, 4
395, 0.00012679667114336564, 6.657778812071902e-5, 0.00014686963215092668, 4
396, 0.00012679667114336564, 6.657778812071902e-5, 0.00014686963215092668, 4
397, 0.00012679667114336564, 6.657778812071902e-5, 0.00014686963215092668, 4
398, 0.00012679667114336564, 6.657778812071902e-5, 0.00014686963215092668, 4
399, 0.00012679667114336564, 6.657778812071902e-5, 0.00014686963215092668, 4
400, 0.00012679667114336564, 6.657778812071902e-5, 0.00014686963215092668, 4
401, 1.2171049500823016e-5, 8.227652212678051e-6, 1.6102097253884805e-5, 4
402, 1.2171049500823016e-5, 8.227652212678051e-6, 1.6102097253884805e-5, 4
403, 1.2171049500823016e-5, 8.227652212678051e-6, 1.6102097253884805e-5, 4
404, 1.2171049500823016e-5, 8.227652212678051e-6, 1.6102097253884805e-5, 4
406, 1.2171049500823016e-5, 8.227652212678051e-6, 1.6102097253884805e-5, 4
408, 1.2171049500823016e-5, 8.227652212678051e-6, 1.6102097253884805e-5, 4
409, 1.2171049500823016e-5, 8.227652212678051e-6, 1.6102097253884805e-5, 4
410, 1.2171049500823016e-5, 8.227652212678051e-6, 1.6102097253884805e-5, 4
411, 1.2171049500823016e-5, 8.227652212678051e-6, 1.6102097253884805e-5, 4
412, 1.2171049500823016e-5, 8.227652212678051e-6, 1.6102097253884805e-5, 4
413, 1.2171049500823016e-5, 8.227652212678051e-6, 1.6102097253884805e-5, 4
414, 1.2171049500823016e-5, 8.227652212678051e-6, 1.6102097253884805e-5, 4
415, 1.2171049500823016e-5, 8.227652212678051e-6, 1.6102097253884805e-5, 4
416, 1.2171049500823016e-5, 8.227652212678051e-6, 1.6102097253884805e-5, 4
417, 1.2171049500823016e-5, 8.227652212678051e-6, 1.6102097253884805e-5, 4
418, 1.2171049500823016e-5, 8.227652212678051e-6, 1.6102097253884805e-5, 4
419, 1.2171049500823016e-5, 8.227652212678051e-6, 1.6102097253884805e-5, 4
420, 1.2171049500823016e-5, 8.227652212678051e-6, 1.6102097253884805e-5, 4
421, 1.2171049500823016e-5, 8.227652212678051e-6, 1.6102097253884805e-5, 4
422, 1.2171049500823016e-5, 8.227652212678051e-6, 1.6102097253884805e-5, 4
423, 1.2171049500823016e-5, 8.227652212678051e-6, 1.6102097253884805e-5, 4
424, 1.2171049500823016e-5, 8.227652212678051e-6, 1.6102097253884805e-5, 4
425, 1.2171049500823016e-5, 8.227652212678051e-6, 1.6102097253884805e-5, 4
426, 1.2171049500823016e-5, 8.227652212678051e-6, 1.6102097253884805e-5, 4
427, 1.2171049500823016e-5, 8.227652212678051e-6, 1.6102097253884805e-5, 4
428, 1.2171049500823016e-5, 8.227652212678051e-6, 1.6102097253884805e-5, 4
429, 1.2171049500823016e-5, 8.227652212678051e-6, 1.6102097253884805e-5, 4
430, 1.2171049500823016e-5, 8.227652212678051e-6, 1.6102097253884805e-5, 4
431, 1.2171049500823016e-5, 8.227652212678051e-6, 1.6102097253884805e-5, 4
432, 1.2171049500823016e-5, 8.227652212678051e-6, 1.6102097253884805e-5, 4
433, 1.2171049500823016e-5, 8.227652212678051e-6, 1.6102097253884805e-5, 4
434, 1.2171049500823016e-5, 8.227652212678051e-6, 1.6102097253884805e-5, 4
435, 1.2171049500823016e-5, 8.227652212678051e-6, 1.6102097253884805e-5, 4
436, 1.2171049500823016e-5, 8.227652212678051e-6, 1.6102097253884805e-5, 4
437, 1.2171049500823016e-5, 8.227652212678051e-6, 1.6102097253884805e-5, 4
438, 1.2171049500823016e-5, 8.227652212678051e-6, 1.6102097253884805e-5, 4
439, 1.2171049500823016e-5, 8.227652212678051e-6, 1.6102097253884805e-5, 4
440, 1.2171049500823016e-5, 8.227652212678051e-6, 1.6102097253884805e-5, 4
441, 1.2171049500823016e-5, 8.227652212678051e-6, 1.6102097253884805e-5, 4
442, 1.2171049500823016e-5, 8.227652212678051e-6, 1.6102097253884805e-5, 4
444, 1.2171049500823016e-5, 8.227652212678051e-6, 1.6102097253884805e-5, 4
445, 1.2171049500823016e-5, 8.227652212678051e-6, 1.6102097253884805e-5, 4
446, 1.2171049500823016e-5, 8.227652212678051e-6, 1.6102097253884805e-5, 4
447, 1.2171049500823016e-5, 8.227652212678051e-6, 1.6102097253884805e-5, 4
448, 1.2171049500823016e-5, 8.227652212678051e-6, 1.6102097253884805e-5, 4
449, 1.2171049500823016e-5, 8.227652212678051e-6, 1.6102097253884805e-5, 4
450, 1.2171049500823016e-5, 8.227652212678051e-6, 1.6102097253884805e-5, 4
451, 1.2171049500823016e-5, 8.227652212678051e-6, 1.6102097253884805e-5, 4
452, 1.2171049500823016e-5, 8.227652212678051e-6, 1.6102097253884805e-5, 4
453, 1.2171049500823016e-5, 8.227652212678051e-6, 1.6102097253884805e-5, 4
454, 1.2171049500823016e-5, 8.227652212678051e-6, 1.6102097253884805e-5, 4
455, 1.2171049500823016e-5, 8.227652212678051e-6, 1.6102097253884805e-5, 4
456, 1.2171049500823016e-5, 8.227652212678051e-6, 1.6102097253884805e-5, 4
458, 1.2171049500823016e-5, 8.227652212678051e-6, 1.6102097253884805e-5, 4
459, 1.2171049500823016e-5, 8.227652212678051e-6, 1.6102097253884805e-5, 4
460, 1.2171049500823016e-5, 8.227652212678051e-6, 1.6102097253884805e-5, 4
461, 1.2171049500823016e-5, 8.227652212678051e-6, 1.6102097253884805e-5, 4
462, 1.2171049500823016e-5, 8.227652212678051e-6, 1.6102097253884805e-5, 4
463, 1.2171049500823016e-5, 8.227652212678051e-6, 1.6102097253884805e-5, 4
464, 1.2171049500823016e-5, 8.227652212678051e-6, 1.6102097253884805e-5, 4
465, 1.2171049500823016e-5, 8.227652212678051e-6, 1.6102097253884805e-5, 4
466, 1.2171049500823016e-5, 8.227652212678051e-6, 1.6102097253884805e-5, 4
467, 1.2171049500823016e-5, 8.227652212678051e-6, 1.6102097253884805e-5, 4
468, 1.2171049500823016e-5, 8.227652212678051e-6, 1.6102097253884805e-5, 4
469, 1.2171049500823016e-5, 8.227652212678051e-6, 1.6102097253884805e-5, 4
470, 1.2171049500823016e-5, 8.227652212678051e-6, 1.6102097253884805e-5, 4
471, 1.2171049500823016e-5, 8.227652212678051e-6, 1.6102097253884805e-5, 4
472, 1.2171049500823016e-5, 8.227652212678051e-6, 1.6102097253884805e-5, 4
473, 1.2171049500823016e-5, 8.227652212678051e-6, 1.6102097253884805e-5, 4
474, 1.2171049500823016e-5, 8.227652212678051e-6, 1.6102097253884805e-5, 4
475, 1.2171049500823016e-5, 8.227652212678051e-6, 1.6102097253884805e-5, 4
476, 1.2171049500823016e-5, 8.227652212678051e-6, 1.6102097253884805e-5, 4
477, 1.2171049500823016e-5, 8.227652212678051e-6, 1.6102097253884805e-5, 4
478, 1.2171049500823016e-5, 8.227652212678051e-6, 1.6102097253884805e-5, 4
479, 1.2171049500823016e-5, 8.227652212678051e-6, 1.6102097253884805e-5, 4
481, 1.2171049500823016e-5, 8.227652212678051e-6, 1.6102097253884805e-5, 4
482, 1.2171049500823016e-5, 8.227652212678051e-6, 1.6102097253884805e-5, 4
483, 1.2171049500823016e-5, 8.227652212678051e-6, 1.6102097253884805e-5, 4
484, 1.2171049500823016e-5, 8.227652212678051e-6, 1.6102097253884805e-5, 4
485, 1.2171049500823016e-5, 8.227652212678051e-6, 1.6102097253884805e-5, 4
486, 1.2171049500823016e-5, 8.227652212678051e-6, 1.6102097253884805e-5, 4
488, 1.2171049500823016e-5, 8.227652212678051e-6, 1.6102097253884805e-5, 4
489, 1.2171049500823016e-5, 8.227652212678051e-6, 1.6102097253884805e-5, 4
490, 1.2171049500823016e-5, 8.227652212678051e-6, 1.6102097253884805e-5, 4
491, 1.2171049500823016e-5, 8.227652212678051e-6, 1.6102097253884805e-5, 4
492, 1.2171049500823016e-5, 8.227652212678051e-6, 1.6102097253884805e-5, 4
493, 1.2171049500823016e-5, 8.227652212678051e-6, 1.6102097253884805e-5, 4
494, 1.2171049500823016e-5, 8.227652212678051e-6, 1.6102097253884805e-5, 4
495, 1.2171049500823016e-5, 8.227652212678051e-6, 1.6102097253884805e-5, 4
496, 1.2171049500823016e-5, 8.227652212678051e-6, 1.6102097253884805e-5, 4
497, 1.2171049500823016e-5, 8.227652212678051e-6, 1.6102097253884805e-5, 4
498, 1.2171049500823016e-5, 8.227652212678051e-6, 1.6102097253884805e-5, 4
499, 1.2171049500823016e-5, 8.227652212678051e-6, 1.6102097253884805e-5, 4
500, 1.2171049500823016e-5, 8.227652212678051e-6, 1.6102097253884805e-5, 4
501, 1.2171049500823016e-5, 8.227652212678051e-6, 1.6102097253884805e-5, 4
