evals, mean, best, worst, success num
2, 2.8485418721646427, 2.1045267949901962, 3.5827732021858028, 0
4, 2.8485418721646427, 2.1045267949901962, 3.5827732021858028, 0
6, 2.8485418721646427, 2.1045267949901962, 3.5827732021858028, 0
8, 2.8485418721646427, 2.1045267949901962, 3.5827732021858028, 0
10, 0.026714507926436246, 0.02669095267785422, 0.02675644957068372, 4
11, 0.026714507926436246, 0.02669095267785422, 0.02675644957068372, 4
13, 0.026714507926436246, 0.02669095267785422, 0.02675644957068372, 4
15, 0.026714507926436246, 0.02669095267785422, 0.02675644957068372, 4
17, 0.026714507926436246, 0.02669095267785422, 0.02675644957068372, 4
19, 0.026714507926436246, 0.02669095267785422, 0.02675644957068372, 4
21, 0.026714507926436246, 0.02669095267785422, 0.02675644957068372, 4
23, 0.026714507926436246, 0.02669095267785422, 0.02675644957068372, 4
25, 0.026714507926436246, 0.02669095267785422, 0.02675644957068372, 4
27, 0.026714507926436246, 0.02669095267785422, 0.02675644957068372, 4
29, 0.026714507926436246, 0.02669095267785422, 0.02675644957068372, 4
30, 0.026714507926436246, 0.02669095267785422, 0.02675644957068372, 4
32, 0.0066689823067295345, 0.0020608901091694466, 0.010428282684314047, 4
34, 0.0066689823067295345, 0.0020608901091694466, 0.010428282684314047, 4
36, 0.0066689823067295345, 0.0020608901091694466, 0.010428282684314047, 4
38, 0.0066689823067295345, 0.0020608901091694466, 0.010428282684314047, 4
40, 0.0066689823067295345, 0.0020608901091694466, 0.010428282684314047, 4
42, 0.0066689823067295345, 0.0020608901091694466, 0.010428282684314047, 4
44, 0.0066689823067295345, 0.0020608901091694466, 0.010428282684314047, 4
46, 0.0066689823067295345, 0.0020608901091694466, 0.010428282684314047, 4
48, 0.0066689823067295345, 0.0020608901091694466, 0.010428282684314047, 4
50, 0.0066689823067295345, 0.0020608901091694466, 0.010428282684314047, 4
52, 0.0066689823067295345, 0.0020608901091694466, 0.010428282684314047, 4
54, 0.0066689823067295345, 0.0020608901091694466, 0.010428282684314047, 4
56, 0.0066689823067295345, 0.0020608901091694466, 0.010428282684314047, 4
58, 0.0066689823067295345, 0.0020608901091694466, 0.010428282684314047, 4
60, 0.0066689823067295345, 0.0020608901091694466, 0.010428282684314047, 4
62, 0.0066689823067295345, 0.0020608901091694466, 0.010428282684314047, 4
64, 0.0066689823067295345, 0.0020608901091694466, 0.010428282684314047, 4
66, 0.0066689823067295345, 0.0020608901091694466, 0.010428282684314047, 4
68, 0.0066689823067295345, 0.0020608901091694466, 0.010428282684314047, 4
69, 0.0066689823067295345, 0.0020608901091694466, 0.010428282684314047, 4
71, 0.0066689823067295345, 0.0020608901091694466, 0.010428282684314047, 4
73, 0.0066689823067295345, 0.0020608901091694466, 0.010428282684314047, 4
74, 0.0066689823067295345, 0.0020608901091694466, 0.010428282684314047, 4
75, 0.0066689823067295345, 0.0020608901091694466, 0.010428282684314047, 4
76, 0.0066689823067295345, 0.0020608901091694466, 0.010428282684314047, 4
78, 0.0013852387984427295, 0.00036692944820573695, 0.0018627319698139343, 4
80, 0.0013852387984427295, 0.00036692944820573695, 0.0018627319698139343, 4
82, 0.0013852387984427295, 0.00036692944820573695, 0.0018627319698139343, 4
84, 0.0013852387984427295, 0.00036692944820573695, 0.0018627319698139343, 4
85, 0.0013852387984427295, 0.00036692944820573695, 0.0018627319698139343, 4
87, 0.0013852387984427295, 0.00036692944820573695, 0.0018627319698139343, 4
89, 0.0013852387984427295, 0.00036692944820573695, 0.0018627319698139343, 4
91, 0.0013852387984427295, 0.00036692944820573695, 0.0018627319698139343, 4
92, 0.0013852387984427295, 0.00036692944820573695, 0.0018627319698139343, 4
94, 0.0013852387984427295, 0.00036692944820573695, 0.0018627319698139343, 4
95, 0.0013852387984427295, 0.00036692944820573695, 0.0018627319698139343, 4
96, 0.0013852387984427295, 0.00036692944820573695, 0.0018627319698139343, 4
98, 0.0013852387984427295, 0.00036692944820573695, 0.0018627319698139343, 4
99, 0.0013852387984427295, 0.00036692944820573695, 0.0018627319698139343, 4
100, 0.0013852387984427295, 0.00036692944820573695, 0.0018627319698139343, 4
101, 0.0013852387984427295, 0.00036692944820573695, 0.0018627319698139343, 4
103, 0.0013852387984427295, 0.00036692944820573695, 0.0018627319698139343, 4
105, 0.0013852387984427295, 0.00036692944820573695, 0.0018627319698139343, 4
106, 0.0013852387984427295, 0.00036692944820573695, 0.0018627319698139343, 4
107, 0.0013852387984427295, 0.00036692944820573695, 0.0018627319698139343, 4
108, 0.0013852387984427295, 0.00036692944820573695, 0.0018627319698139343, 4
110, 0.0013852387984427295, 0.00036692944820573695, 0.0018627319698139343, 4
111, 0.0013852387984427295, 0.00036692944820573695, 0.0018627319698139343, 4
113, 0.0013852387984427295, 0.00036692944820573695, 0.0018627319698139343, 4
114, 0.0013852387984427295, 0.00036692944820573695, 0.0018627319698139343, 4
115, 0.0013852387984427295, 0.00036692944820573695, 0.0018627319698139343, 4
116, 0.0013852387984427295, 0.00036692944820573695, 0.0018627319698139343, 4
117, 0.0013852387984427295, 0.00036692944820573695, 0.0018627319698139343, 4
118, 0.0013852387984427295, 0.00036692944820573695, 0.0018627319698139343, 4
119, 0.0013852387984427295, 0.00036692944820573695, 0.0018627319698139343, 4
120, 0.0013852387984427295, 0.00036692944820573695, 0.0018627319698139343, 4
121, 0.0013852387984427295, 0.00036692944820573695, 0.0018627319698139343, 4
122, 0.0013852387984427295, 0.00036692944820573695, 0.0018627319698139343, 4
124, 0.0013852387984427295, 0.00036692944820573695, 0.0018627319698139343, 4
126, 0.0013852387984427295, 0.00036692944820573695, 0.0018627319698139343, 4
127, 0.0013852387984427295, 0.00036692944820573695, 0.0018627319698139343, 4
128, 0.0013852387984427295, 0.00036692944820573695, 0.0018627319698139343, 4
130, 0.0013852387984427295, 0.00036692944820573695, 0.0018627319698139343, 4
131, 0.0013852387984427295, 0.00036692944820573695, 0.0018627319698139343, 4
132, 0.0013852387984427295, 0.00036692944820573695, 0.0018627319698139343, 4
134, 0.0013852387984427295, 0.00036692944820573695, 0.0018627319698139343, 4
136, 0.0013852387984427295, 0.00036692944820573695, 0.0018627319698139343, 4
137, 0.0013852387984427295, 0.00036692944820573695, 0.0018627319698139343, 4
139, 0.0013852387984427295, 0.00036692944820573695, 0.0018627319698139343, 4
140, 0.0013852387984427295, 0.00036692944820573695, 0.0018627319698139343, 4
141, 0.0013852387984427295, 0.00036692944820573695, 0.0018627319698139343, 4
142, 0.0013852387984427295, 0.00036692944820573695, 0.0018627319698139343, 4
143, 0.0013852387984427295, 0.00036692944820573695, 0.0018627319698139343, 4
144, 0.0013852387984427295, 0.00036692944820573695, 0.0018627319698139343, 4
145, 0.0013852387984427295, 0.00036692944820573695, 0.0018627319698139343, 4
146, 0.0013852387984427295, 0.00036692944820573695, 0.0018627319698139343, 4
147, 0.0013852387984427295, 0.00036692944820573695, 0.0018627319698139343, 4
149, 0.0013852387984427295, 0.00036692944820573695, 0.0018627319698139343, 4
151, 0.0013852387984427295, 0.00036692944820573695, 0.0018627319698139343, 4
153, 0.0013852387984427295, 0.00036692944820573695, 0.0018627319698139343, 4
155, 0.0013852387984427295, 0.00036692944820573695, 0.0018627319698139343, 4
156, 0.0013852387984427295, 0.00036692944820573695, 0.0018627319698139343, 4
157, 0.0013852387984427295, 0.00036692944820573695, 0.0018627319698139343, 4
159, 0.0013852387984427295, 0.00036692944820573695, 0.0018627319698139343, 4
161, 0.0013852387984427295, 0.00036692944820573695, 0.0018627319698139343, 4
163, 0.0013852387984427295, 0.00036692944820573695, 0.0018627319698139343, 4
164, 0.0013852387984427295, 0.00036692944820573695, 0.0018627319698139343, 4
166, 0.0013852387984427295, 0.00036692944820573695, 0.0018627319698139343, 4
167, 0.0013852387984427295, 0.00036692944820573695, 0.0018627319698139343, 4
168, 0.0013852387984427295, 0.00036692944820573695, 0.0018627319698139343, 4
169, 0.0013852387984427295, 0.00036692944820573695, 0.0018627319698139343, 4
171, 0.0013852387984427295, 0.00036692944820573695, 0.0018627319698139343, 4
172, 0.0013852387984427295, 0.00036692944820573695, 0.0018627319698139343, 4
174, 0.0013852387984427295, 0.00036692944820573695, 0.0018627319698139343, 4
175, 0.0013852387984427295, 0.00036692944820573695, 0.0018627319698139343, 4
176, 0.0013852387984427295, 0.00036692944820573695, 0.0018627319698139343, 4
177, 0.0013852387984427295, 0.00036692944820573695, 0.0018627319698139343, 4
178, 0.0013852387984427295, 0.00036692944820573695, 0.0018627319698139343, 4
179, 0.0013852387984427295, 0.00036692944820573695, 0.0018627319698139343, 4
181, 0.0013852387984427295, 0.00036692944820573695, 0.0018627319698139343, 4
182, 0.0013852387984427295, 0.00036692944820573695, 0.0018627319698139343, 4
183, 0.0013852387984427295, 0.00036692944820573695, 0.0018627319698139343, 4
184, 0.0013852387984427295, 0.00036692944820573695, 0.0018627319698139343, 4
185, 0.0013852387984427295, 0.00036692944820573695, 0.0018627319698139343, 4
186, 0.0013852387984427295, 0.00036692944820573695, 0.0018627319698139343, 4
187, 0.0013852387984427295, 0.00036692944820573695, 0.0018627319698139343, 4
188, 0.0013852387984427295, 0.00036692944820573695, 0.0018627319698139343, 4
189, 0.0013852387984427295, 0.00036692944820573695, 0.0018627319698139343, 4
191, 0.0013852387984427295, 0.00036692944820573695, 0.0018627319698139343, 4
192, 0.0007358164261681592, 0.0002653681205965068, 0.00102873243506386, 4
194, 0.0007358164261681592, 0.0002653681205965068, 0.00102873243506386, 4
195, 0.0007358164261681592, 0.0002653681205965068, 0.00102873243506386, 4
196, 0.0007358164261681592, 0.0002653681205965068, 0.00102873243506386, 4
197, 0.0007358164261681592, 0.0002653681205965068, 0.00102873243506386, 4
198, 0.0007358164261681592, 0.0002653681205965068, 0.00102873243506386, 4
199, 0.0007358164261681592, 0.0002653681205965068, 0.00102873243506386, 4
201, 0.0007358164261681592, 0.0002653681205965068, 0.00102873243506386, 4
202, 0.0007358164261681592, 0.0002653681205965068, 0.00102873243506386, 4
203, 0.0007358164261681592, 0.0002653681205965068, 0.00102873243506386, 4
204, 0.0007358164261681592, 0.0002653681205965068, 0.00102873243506386, 4
206, 0.0007358164261681592, 0.0002653681205965068, 0.00102873243506386, 4
207, 0.0007358164261681592, 0.0002653681205965068, 0.00102873243506386, 4
209, 0.0007358164261681592, 0.0002653681205965068, 0.00102873243506386, 4
210, 0.0007358164261681592, 0.0002653681205965068, 0.00102873243506386, 4
212, 0.0007358164261681592, 0.0002653681205965068, 0.00102873243506386, 4
213, 0.0007358164261681592, 0.0002653681205965068, 0.00102873243506386, 4
214, 0.0007358164261681592, 0.0002653681205965068, 0.00102873243506386, 4
215, 0.0007358164261681592, 0.0002653681205965068, 0.00102873243506386, 4
216, 0.0007358164261681592, 0.0002653681205965068, 0.00102873243506386, 4
218, 0.0007358164261681592, 0.0002653681205965068, 0.00102873243506386, 4
219, 0.0007358164261681592, 0.0002653681205965068, 0.00102873243506386, 4
220, 0.0007358164261681592, 0.0002653681205965068, 0.00102873243506386, 4
221, 0.0007358164261681592, 0.0002653681205965068, 0.00102873243506386, 4
222, 0.0007358164261681592, 0.0002653681205965068, 0.00102873243506386, 4
223, 0.0007358164261681592, 0.0002653681205965068, 0.00102873243506386, 4
224, 0.0007358164261681592, 0.0002653681205965068, 0.00102873243506386, 4
225, 0.0004883518345459238, 0.0004870811457127078, 0.0004894522160356894, 4
226, 0.0004883518345459238, 0.0004870811457127078, 0.0004894522160356894, 4
227, 0.0004883518345459238, 0.0004870811457127078, 0.0004894522160356894, 4
228, 0.0004883518345459238, 0.0004870811457127078, 0.0004894522160356894, 4
229, 0.0004883518345459238, 0.0004870811457127078, 0.0004894522160356894, 4
231, 0.0004883518345459238, 0.0004870811457127078, 0.0004894522160356894, 4
232, 0.0004883518345459238, 0.0004870811457127078, 0.0004894522160356894, 4
233, 0.0004883518345459238, 0.0004870811457127078, 0.0004894522160356894, 4
234, 0.0004883518345459238, 0.0004870811457127078, 0.0004894522160356894, 4
236, 0.0004883518345459238, 0.0004870811457127078, 0.0004894522160356894, 4
237, 0.0004883518345459238, 0.0004870811457127078, 0.0004894522160356894, 4
238, 0.0004883518345459238, 0.0004870811457127078, 0.0004894522160356894, 4
239, 0.0004883518345459238, 0.0004870811457127078, 0.0004894522160356894, 4
240, 0.0004883518345459238, 0.0004870811457127078, 0.0004894522160356894, 4
241, 0.0004883518345459238, 0.0004870811457127078, 0.0004894522160356894, 4
242, 0.0004883518345459238, 0.0004870811457127078, 0.0004894522160356894, 4
243, 0.0004883518345459238, 0.0004870811457127078, 0.0004894522160356894, 4
244, 0.0004883518345459238, 0.0004870811457127078, 0.0004894522160356894, 4
245, 0.0004883518345459238, 0.0004870811457127078, 0.0004894522160356894, 4
246, 0.0004883518345459238, 0.0004870811457127078, 0.0004894522160356894, 4
247, 0.00043560824183023014, 0.0002507650751006058, 0.0007975447993004555, 4
248, 0.00043560824183023014, 0.0002507650751006058, 0.0007975447993004555, 4
249, 0.00043560824183023014, 0.0002507650751006058, 0.0007975447993004555, 4
250, 0.00043560824183023014, 0.0002507650751006058, 0.0007975447993004555, 4
251, 0.00043560824183023014, 0.0002507650751006058, 0.0007975447993004555, 4
252, 0.00043560824183023014, 0.0002507650751006058, 0.0007975447993004555, 4
253, 0.00043560824183023014, 0.0002507650751006058, 0.0007975447993004555, 4
255, 0.00043560824183023014, 0.0002507650751006058, 0.0007975447993004555, 4
256, 0.00043560824183023014, 0.0002507650751006058, 0.0007975447993004555, 4
257, 0.00043560824183023014, 0.0002507650751006058, 0.0007975447993004555, 4
258, 0.00043560824183023014, 0.0002507650751006058, 0.0007975447993004555, 4
259, 0.00043560824183023014, 0.0002507650751006058, 0.0007975447993004555, 4
260, 0.00043560824183023014, 0.0002507650751006058, 0.0007975447993004555, 4
261, 0.00043560824183023014, 0.0002507650751006058, 0.0007975447993004555, 4
263, 0.00043560824183023014, 0.0002507650751006058, 0.0007975447993004555, 4
264, 0.00043560824183023014, 0.0002507650751006058, 0.0007975447993004555, 4
265, 0.00043560824183023014, 0.0002507650751006058, 0.0007975447993004555, 4
266, 0.00043560824183023014, 0.0002507650751006058, 0.0007975447993004555, 4
267, 0.00043560824183023014, 0.0002507650751006058, 0.0007975447993004555, 4
268, 0.00043560824183023014, 0.0002507650751006058, 0.0007975447993004555, 4
269, 0.00043560824183023014, 0.0002507650751006058, 0.0007975447993004555, 4
270, 0.00043560824183023014, 0.0002507650751006058, 0.0007975447993004555, 4
271, 0.00043560824183023014, 0.0002507650751006058, 0.0007975447993004555, 4
272, 0.00043560824183023014, 0.0002507650751006058, 0.0007975447993004555, 4
273, 0.00043560824183023014, 0.0002507650751006058, 0.0007975447993004555, 4
274, 0.00043560824183023014, 0.0002507650751006058, 0.0007975447993004555, 4
275, 0.00043560824183023014, 0.0002507650751006058, 0.0007975447993004555, 4
277, 0.00043560824183023014, 0.0002507650751006058, 0.0007975447993004555, 4
278, 0.00043560824183023014, 0.0002507650751006058, 0.0007975447993004555, 4
279, 0.00043560824183023014, 0.0002507650751006058, 0.0007975447993004555, 4
280, 0.00043560824183023014, 0.0002507650751006058, 0.0007975447993004555, 4
281, 0.00043560824183023014, 0.0002507650751006058, 0.0007975447993004555, 4
282, 0.00043560824183023014, 0.0002507650751006058, 0.0007975447993004555, 4
283, 0.00043560824183023014, 0.0002507650751006058, 0.0007975447993004555, 4
284, 0.00043560824183023014, 0.0002507650751006058, 0.0007975447993004555, 4
286, 0.00043560824183023014, 0.0002507650751006058, 0.0007975447993004555, 4
288, 0.00043560824183023014, 0.0002507650751006058, 0.0007975447993004555, 4
290, 0.00043560824183023014, 0.0002507650751006058, 0.0007975447993004555, 4
291, 0.00043560824183023014, 0.0002507650751006058, 0.0007975447993004555, 4
292, 0.00043560824183023014, 0.0002507650751006058, 0.0007975447993004555, 4
293, 0.00043560824183023014, 0.0002507650751006058, 0.0007975447993004555, 4
294, 0.00043560824183023014, 0.0002507650751006058, 0.0007975447993004555, 4
295, 0.00043560824183023014, 0.0002507650751006058, 0.0007975447993004555, 4
296, 0.00043560824183023014, 0.0002507650751006058, 0.0007975447993004555, 4
297, 0.00043560824183023014, 0.0002507650751006058, 0.0007975447993004555, 4
298, 0.00043560824183023014, 0.0002507650751006058, 0.0007975447993004555, 4
299, 0.00043560824183023014, 0.0002507650751006058, 0.0007975447993004555, 4
301, 0.00043560824183023014, 0.0002507650751006058, 0.0007975447993004555, 4
302, 0.00043560824183023014, 0.0002507650751006058, 0.0007975447993004555, 4
303, 0.00043560824183023014, 0.0002507650751006058, 0.0007975447993004555, 4
305, 0.00043560824183023014, 0.0002507650751006058, 0.0007975447993004555, 4
306, 0.00043560824183023014, 0.0002507650751006058, 0.0007975447993004555, 4
307, 0.00043560824183023014, 0.0002507650751006058, 0.0007975447993004555, 4
309, 0.00043560824183023014, 0.0002507650751006058, 0.0007975447993004555, 4
310, 0.00043560824183023014, 0.0002507650751006058, 0.0007975447993004555, 4
311, 0.00043560824183023014, 0.0002507650751006058, 0.0007975447993004555, 4
312, 0.00043560824183023014, 0.0002507650751006058, 0.0007975447993004555, 4
313, 0.00043560824183023014, 0.0002507650751006058, 0.0007975447993004555, 4
314, 0.00043560824183023014, 0.0002507650751006058, 0.0007975447993004555, 4
315, 0.00043560824183023014, 0.0002507650751006058, 0.0007975447993004555, 4
316, 0.00043560824183023014, 0.0002507650751006058, 0.0007975447993004555, 4
317, 0.00043560824183023014, 0.0002507650751006058, 0.0007975447993004555, 4
318, 0.00043560824183023014, 0.0002507650751006058, 0.0007975447993004555, 4
319, 0.00043560824183023014, 0.0002507650751006058, 0.0007975447993004555, 4
320, 0.00043560824183023014, 0.0002507650751006058, 0.0007975447993004555, 4
321, 0.00043560824183023014, 0.0002507650751006058, 0.0007975447993004555, 4
322, 0.00043560824183023014, 0.0002507650751006058, 0.0007975447993004555, 4
323, 0.00043560824183023014, 0.0002507650751006058, 0.0007975447993004555, 4
324, 0.00043560824183023014, 0.0002507650751006058, 0.0007975447993004555, 4
325, 0.00043560824183023014, 0.0002507650751006058, 0.0007975447993004555, 4
326, 0.00043560824183023014, 0.0002507650751006058, 0.0007975447993004555, 4
327, 0.00043560824183023014, 0.0002507650751006058, 0.0007975447993004555, 4
328, 0.00043560824183023014, 0.0002507650751006058, 0.0007975447993004555, 4
329, 0.00043560824183023014, 0.0002507650751006058, 0.0007975447993004555, 4
330, 0.00043560824183023014, 0.0002507650751006058, 0.0007975447993004555, 4
331, 0.00043560824183023014, 0.0002507650751006058, 0.0007975447993004555, 4
332, 0.00043560824183023014, 0.0002507650751006058, 0.0007975447993004555, 4
333, 0.00043560824183023014, 0.0002507650751006058, 0.0007975447993004555, 4
334, 0.00043560824183023014, 0.0002507650751006058, 0.0007975447993004555, 4
335, 0.00043560824183023014, 0.0002507650751006058, 0.0007975447993004555, 4
336, 0.00043560824183023014, 0.0002507650751006058, 0.0007975447993004555, 4
337, 0.00043560824183023014, 0.0002507650751006058, 0.0007975447993004555, 4
338, 0.00043560824183023014, 0.0002507650751006058, 0.0007975447993004555, 4
339, 0.00043560824183023014, 0.0002507650751006058, 0.0007975447993004555, 4
340, 0.00043560824183023014, 0.0002507650751006058, 0.0007975447993004555, 4
341, 0.00043560824183023014, 0.0002507650751006058, 0.0007975447993004555, 4
342, 0.00043560824183023014, 0.0002507650751006058, 0.0007975447993004555, 4
343, 0.00043560824183023014, 0.0002507650751006058, 0.0007975447993004555, 4
344, 0.00043560824183023014, 0.0002507650751006058, 0.0007975447993004555, 4
345, 0.00043560824183023014, 0.0002507650751006058, 0.0007975447993004555, 4
346, 0.00043560824183023014, 0.0002507650751006058, 0.0007975447993004555, 4
347, 0.00043560824183023014, 0.0002507650751006058, 0.0007975447993004555, 4
348, 0.00043560824183023014, 0.0002507650751006058, 0.0007975447993004555, 4
349, 0.00043560824183023014, 0.0002507650751006058, 0.0007975447993004555, 4
350, 0.00043560824183023014, 0.0002507650751006058, 0.0007975447993004555, 4
351, 0.00043560824183023014, 0.0002507650751006058, 0.0007975447993004555, 4
352, 0.00043560824183023014, 0.0002507650751006058, 0.0007975447993004555, 4
353, 0.00043560824183023014, 0.0002507650751006058, 0.0007975447993004555, 4
354, 0.00043560824183023014, 0.0002507650751006058, 0.0007975447993004555, 4
355, 0.00043560824183023014, 0.0002507650751006058, 0.0007975447993004555, 4
356, 0.00043560824183023014, 0.0002507650751006058, 0.0007975447993004555, 4
357, 0.00043560824183023014, 0.0002507650751006058, 0.0007975447993004555, 4
358, 0.00043560824183023014, 0.0002507650751006058, 0.0007975447993004555, 4
359, 0.00043560824183023014, 0.0002507650751006058, 0.0007975447993004555, 4
360, 0.00043560824183023014, 0.0002507650751006058, 0.0007975447993004555, 4
361, 0.00043560824183023014, 0.0002507650751006058, 0.0007975447993004555, 4
362, 0.00043560824183023014, 0.0002507650751006058, 0.0007975447993004555, 4
363, 0.00043560824183023014, 0.0002507650751006058, 0.0007975447993004555, 4
364, 0.00043560824183023014, 0.0002507650751006058, 0.0007975447993004555, 4
365, 0.00043560824183023014, 0.0002507650751006058, 0.0007975447993004555, 4
366, 0.00043560824183023014, 0.0002507650751006058, 0.0007975447993004555, 4
367, 0.00043560824183023014, 0.0002507650751006058, 0.0007975447993004555, 4
368, 0.00043560824183023014, 0.0002507650751006058, 0.0007975447993004555, 4
369, 0.00043560824183023014, 0.0002507650751006058, 0.0007975447993004555, 4
370, 0.00043560824183023014, 0.0002507650751006058, 0.0007975447993004555, 4
371, 0.00043560824183023014, 0.0002507650751006058, 0.0007975447993004555, 4
372, 0.00043560824183023014, 0.0002507650751006058, 0.0007975447993004555, 4
373, 0.00043560824183023014, 0.0002507650751006058, 0.0007975447993004555, 4
374, 0.00043560824183023014, 0.0002507650751006058, 0.0007975447993004555, 4
375, 0.00043560824183023014, 0.0002507650751006058, 0.0007975447993004555, 4
376, 0.00043560824183023014, 0.0002507650751006058, 0.0007975447993004555, 4
377, 0.00043560824183023014, 0.0002507650751006058, 0.0007975447993004555, 4
379, 0.00043560824183023014, 0.0002507650751006058, 0.0007975447993004555, 4
380, 0.00043560824183023014, 0.0002507650751006058, 0.0007975447993004555, 4
381, 0.00043560824183023014, 0.0002507650751006058, 0.0007975447993004555, 4
382, 0.00043560824183023014, 0.0002507650751006058, 0.0007975447993004555, 4
383, 0.00043560824183023014, 0.0002507650751006058, 0.0007975447993004555, 4
384, 0.00043560824183023014, 0.0002507650751006058, 0.0007975447993004555, 4
385, 0.00043560824183023014, 0.0002507650751006058, 0.0007975447993004555, 4
386, 0.00043560824183023014, 0.0002507650751006058, 0.0007975447993004555, 4
387, 0.00043560824183023014, 0.0002507650751006058, 0.0007975447993004555, 4
388, 0.00043560824183023014, 0.0002507650751006058, 0.0007975447993004555, 4
389, 0.00043560824183023014, 0.0002507650751006058, 0.0007975447993004555, 4
390, 0.00043560824183023014, 0.0002507650751006058, 0.0007975447993004555, 4
391, 0.00043560824183023014, 0.0002507650751006058, 0.0007975447993004555, 4
392, 0.00043560824183023014, 0.0002507650751006058, 0.0007975447993004555, 4
393, 0.00043560824183023014, 0.0002507650751006058, 0.0007975447993004555, 4
394, 0.00043560824183023014, 0.0002507650751006058, 0.0007975447993004555, 4
395, 0.00043560824183023014, 0.0002507650751006058, 0.0007975447993004555, 4
396, 0.00043560824183023014, 0.0002507650751006058, 0.0007975447993004555, 4
397, 0.00043560824183023014, 0.0002507650751006058, 0.0007975447993004555, 4
398, 0.00043560824183023014, 0.0002507650751006058, 0.0007975447993004555, 4
399, 0.00043560824183023014, 0.0002507650751006058, 0.0007975447993004555, 4
400, 0.00043560824183023014, 0.0002507650751006058, 0.0007975447993004555, 4
401, 0.00043560824183023014, 0.0002507650751006058, 0.0007975447993004555, 4
402, 0.00043560824183023014, 0.0002507650751006058, 0.0007975447993004555, 4
403, 0.00043560824183023014, 0.0002507650751006058, 0.0007975447993004555, 4
404, 0.00043560824183023014, 0.0002507650751006058, 0.0007975447993004555, 4
405, 0.00043560824183023014, 0.0002507650751006058, 0.0007975447993004555, 4
406, 0.00043560824183023014, 0.0002507650751006058, 0.0007975447993004555, 4
407, 0.00043560824183023014, 0.0002507650751006058, 0.0007975447993004555, 4
408, 0.00043560824183023014, 0.0002507650751006058, 0.0007975447993004555, 4
409, 0.00043560824183023014, 0.0002507650751006058, 0.0007975447993004555, 4
410, 0.00043560824183023014, 0.0002507650751006058, 0.0007975447993004555, 4
411, 0.00043560824183023014, 0.0002507650751006058, 0.0007975447993004555, 4
412, 0.00043560824183023014, 0.0002507650751006058, 0.0007975447993004555, 4
413, 0.00043560824183023014, 0.0002507650751006058, 0.0007975447993004555, 4
414, 0.00043560824183023014, 0.0002507650751006058, 0.0007975447993004555, 4
415, 0.00043560824183023014, 0.0002507650751006058, 0.0007975447993004555, 4
416, 0.00043560824183023014, 0.0002507650751006058, 0.0007975447993004555, 4
417, 0.00043560824183023014, 0.0002507650751006058, 0.0007975447993004555, 4
418, 0.00043560824183023014, 0.0002507650751006058, 0.0007975447993004555, 4
419, 0.00043560824183023014, 0.0002507650751006058, 0.0007975447993004555, 4
420, 0.00043560824183023014, 0.0002507650751006058, 0.0007975447993004555, 4
421, 0.00043560824183023014, 0.0002507650751006058, 0.0007975447993004555, 4
422, 0.00043560824183023014, 0.0002507650751006058, 0.0007975447993004555, 4
423, 0.00043560824183023014, 0.0002507650751006058, 0.0007975447993004555, 4
424, 0.00043560824183023014, 0.0002507650751006058, 0.0007975447993004555, 4
425, 0.00043560824183023014, 0.0002507650751006058, 0.0007975447993004555, 4
426, 0.00043560824183023014, 0.0002507650751006058, 0.0007975447993004555, 4
427, 0.00043560824183023014, 0.0002507650751006058, 0.0007975447993004555, 4
428, 0.00043560824183023014, 0.0002507650751006058, 0.0007975447993004555, 4
429, 0.00043560824183023014, 0.0002507650751006058, 0.0007975447993004555, 4
430, 0.00043560824183023014, 0.0002507650751006058, 0.0007975447993004555, 4
431, 0.00043560824183023014, 0.0002507650751006058, 0.0007975447993004555, 4
432, 0.00043560824183023014, 0.0002507650751006058, 0.0007975447993004555, 4
433, 0.00043560824183023014, 0.0002507650751006058, 0.0007975447993004555, 4
434, 0.00043560824183023014, 0.0002507650751006058, 0.0007975447993004555, 4
435, 0.00043560824183023014, 0.0002507650751006058, 0.0007975447993004555, 4
436, 0.00043560824183023014, 0.0002507650751006058, 0.0007975447993004555, 4
437, 0.00043560824183023014, 0.0002507650751006058, 0.0007975447993004555, 4
438, 0.00043560824183023014, 0.0002507650751006058, 0.0007975447993004555, 4
439, 0.00043560824183023014, 0.0002507650751006058, 0.0007975447993004555, 4
440, 0.00043560824183023014, 0.0002507650751006058, 0.0007975447993004555, 4
441, 0.00043560824183023014, 0.0002507650751006058, 0.0007975447993004555, 4
442, 0.00043560824183023014, 0.0002507650751006058, 0.0007975447993004555, 4
443, 0.00043560824183023014, 0.0002507650751006058, 0.0007975447993004555, 4
444, 0.00043560824183023014, 0.0002507650751006058, 0.0007975447993004555, 4
445, 0.00043560824183023014, 0.0002507650751006058, 0.0007975447993004555, 4
446, 0.00043560824183023014, 0.0002507650751006058, 0.0007975447993004555, 4
447, 0.00043560824183023014, 0.0002507650751006058, 0.0007975447993004555, 4
448, 0.00043560824183023014, 0.0002507650751006058, 0.0007975447993004555, 4
449, 0.00043560824183023014, 0.0002507650751006058, 0.0007975447993004555, 4
450, 0.00043560824183023014, 0.0002507650751006058, 0.0007975447993004555, 4
451, 0.00043560824183023014, 0.0002507650751006058, 0.0007975447993004555, 4
452, 0.00043560824183023014, 0.0002507650751006058, 0.0007975447993004555, 4
453, 0.00043560824183023014, 0.0002507650751006058, 0.0007975447993004555, 4
454, 0.00043560824183023014, 0.0002507650751006058, 0.0007975447993004555, 4
455, 0.00043560824183023014, 0.0002507650751006058, 0.0007975447993004555, 4
456, 0.00043560824183023014, 0.0002507650751006058, 0.0007975447993004555, 4
457, 0.00043560824183023014, 0.0002507650751006058, 0.0007975447993004555, 4
458, 0.00043560824183023014, 0.0002507650751006058, 0.0007975447993004555, 4
459, 0.00043560824183023014, 0.0002507650751006058, 0.0007975447993004555, 4
460, 0.00023472040971973866, 0.00023124567163927738, 0.00023747546739684872, 4
461, 0.00023472040971973866, 0.00023124567163927738, 0.00023747546739684872, 4
462, 0.00023472040971973866, 0.00023124567163927738, 0.00023747546739684872, 4
463, 0.00023472040971973866, 0.00023124567163927738, 0.00023747546739684872, 4
464, 0.00023472040971973866, 0.00023124567163927738, 0.00023747546739684872, 4
465, 0.00023472040971973866, 0.00023124567163927738, 0.00023747546739684872, 4
466, 0.00023472040971973866, 0.00023124567163927738, 0.00023747546739684872, 4
467, 0.00023472040971973866, 0.00023124567163927738, 0.00023747546739684872, 4
468, 0.00023472040971973866, 0.00023124567163927738, 0.00023747546739684872, 4
469, 0.00023472040971973866, 0.00023124567163927738, 0.00023747546739684872, 4
470, 0.00023472040971973866, 0.00023124567163927738, 0.00023747546739684872, 4
471, 0.00023472040971973866, 0.00023124567163927738, 0.00023747546739684872, 4
472, 0.00023472040971973866, 0.00023124567163927738, 0.00023747546739684872, 4
473, 0.00023472040971973866, 0.00023124567163927738, 0.00023747546739684872, 4
474, 0.00023472040971973866, 0.00023124567163927738, 0.00023747546739684872, 4
475, 0.00023472040971973866, 0.00023124567163927738, 0.00023747546739684872, 4
476, 0.00023472040971973866, 0.00023124567163927738, 0.00023747546739684872, 4
477, 0.00023472040971973866, 0.00023124567163927738, 0.00023747546739684872, 4
478, 0.00023472040971973866, 0.00023124567163927738, 0.00023747546739684872, 4
479, 0.00023472040971973866, 0.00023124567163927738, 0.00023747546739684872, 4
480, 0.00023472040971973866, 0.00023124567163927738, 0.00023747546739684872, 4
481, 0.00023472040971973866, 0.00023124567163927738, 0.00023747546739684872, 4
482, 0.00023472040971973866, 0.00023124567163927738, 0.00023747546739684872, 4
483, 0.00023472040971973866, 0.00023124567163927738, 0.00023747546739684872, 4
484, 0.00023472040971973866, 0.00023124567163927738, 0.00023747546739684872, 4
485, 0.00023472040971973866, 0.00023124567163927738, 0.00023747546739684872, 4
486, 0.00023472040971973866, 0.00023124567163927738, 0.00023747546739684872, 4
487, 0.00023472040971973866, 0.00023124567163927738, 0.00023747546739684872, 4
488, 0.00023472040971973866, 0.00023124567163927738, 0.00023747546739684872, 4
489, 0.00023472040971973866, 0.00023124567163927738, 0.00023747546739684872, 4
490, 0.00023472040971973866, 0.00023124567163927738, 0.00023747546739684872, 4
491, 0.00023472040971973866, 0.00023124567163927738, 0.00023747546739684872, 4
492, 0.00023472040971973866, 0.00023124567163927738, 0.00023747546739684872, 4
493, 0.00023472040971973866, 0.00023124567163927738, 0.00023747546739684872, 4
494, 0.00023472040971973866, 0.00023124567163927738, 0.00023747546739684872, 4
495, 0.00023472040971973866, 0.00023124567163927738, 0.00023747546739684872, 4
496, 0.00023472040971973866, 0.00023124567163927738, 0.00023747546739684872, 4
497, 0.00023472040971973866, 0.00023124567163927738, 0.00023747546739684872, 4
498, 0.00023472040971973866, 0.00023124567163927738, 0.00023747546739684872, 4
499, 0.00023472040971973866, 0.00023124567163927738, 0.00023747546739684872, 4
500, 0.00023472040971973866, 0.00023124567163927738, 0.00023747546739684872, 4
501, 0.00023472040971973866, 0.00023124567163927738, 0.00023747546739684872, 4
