evals, mean, best, worst, success num
1, 3.666195120090384, 3.399620944054995, 3.9564017676459895, 0
2, 0.2575935920983484, 0.06437790996458582, 0.44581865448900915, 1
3, 0.2575935920983484, 0.06437790996458582, 0.44581865448900915, 1
4, 0.2575935920983484, 0.06437790996458582, 0.44581865448900915, 1
5, 0.2575935920983484, 0.06437790996458582, 0.44581865448900915, 1
6, 0.2575935920983484, 0.06437790996458582, 0.44581865448900915, 1
7, 0.2575935920983484, 0.06437790996458582, 0.44581865448900915, 1
8, 0.2575935920983484, 0.06437790996458582, 0.44581865448900915, 1
9, 0.2575935920983484, 0.06437790996458582, 0.44581865448900915, 1
10, 0.2575935920983484, 0.06437790996458582, 0.44581865448900915, 1
11, 0.2575935920983484, 0.06437790996458582, 0.44581865448900915, 1
12, 0.2575935920983484, 0.06437790996458582, 0.44581865448900915, 1
13, 0.2575935920983484, 0.06437790996458582, 0.44581865448900915, 1
14, 0.2575935920983484, 0.06437790996458582, 0.44581865448900915, 1
15, 0.2575935920983484, 0.06437790996458582, 0.44581865448900915, 1
16, 0.2575935920983484, 0.06437790996458582, 0.44581865448900915, 1
17, 0.2575935920983484, 0.06437790996458582, 0.44581865448900915, 1
18, 0.2575935920983484, 0.06437790996458582, 0.44581865448900915, 1
19, 0.2575935920983484, 0.06437790996458582, 0.44581865448900915, 1
20, 0.2575935920983484, 0.06437790996458582, 0.44581865448900915, 1
21, 0.2575935920983484, 0.06437790996458582, 0.44581865448900915, 1
22, 0.2575935920983484, 0.06437790996458582, 0.44581865448900915, 1
23, 0.2575935920983484, 0.06437790996458582, 0.44581865448900915, 1
24, 0.2575935920983484, 0.06437790996458582, 0.44581865448900915, 1
25, 0.2575935920983484, 0.06437790996458582, 0.44581865448900915, 1
26, 0.2575935920983484, 0.06437790996458582, 0.44581865448900915, 1
27, 0.2575935920983484, 0.06437790996458582, 0.44581865448900915, 1
28, 0.2575935920983484, 0.06437790996458582, 0.44581865448900915, 1
29, 0.2575935920983484, 0.06437790996458582, 0.44581865448900915, 1
30, 0.2575935920983484, 0.06437790996458582, 0.44581865448900915, 1
31, 0.2575935920983484, 0.06437790996458582, 0.44581865448900915, 1
32, 0.2575935920983484, 0.06437790996458582, 0.44581865448900915, 1
33, 0.2575935920983484, 0.06437790996458582, 0.44581865448900915, 1
34, 0.2575935920983484, 0.06437790996458582, 0.44581865448900915, 1
35, 0.2575935920983484, 0.06437790996458582, 0.44581865448900915, 1
36, 0.2575935920983484, 0.06437790996458582, 0.44581865448900915, 1
37, 0.2575935920983484, 0.06437790996458582, 0.44581865448900915, 1
38, 0.2575935920983484, 0.06437790996458582, 0.44581865448900915, 1
39, 0.2575935920983484, 0.06437790996458582, 0.44581865448900915, 1
40, 0.2575935920983484, 0.06437790996458582, 0.44581865448900915, 1
41, 0.2575935920983484, 0.06437790996458582, 0.44581865448900915, 1
42, 0.2575935920983484, 0.06437790996458582, 0.44581865448900915, 1
43, 0.2575935920983484, 0.06437790996458582, 0.44581865448900915, 1
44, 0.2575935920983484, 0.06437790996458582, 0.44581865448900915, 1
45, 0.2575935920983484, 0.06437790996458582, 0.44581865448900915, 1
46, 0.2575935920983484, 0.06437790996458582, 0.44581865448900915, 1
47, 0.2575935920983484, 0.06437790996458582, 0.44581865448900915, 1
48, 0.2575935920983484, 0.06437790996458582, 0.44581865448900915, 1
49, 0.2575935920983484, 0.06437790996458582, 0.44581865448900915, 1
50, 0.2575935920983484, 0.06437790996458582, 0.44581865448900915, 1
51, 0.2575935920983484, 0.06437790996458582, 0.44581865448900915, 1
52, 0.2575935920983484, 0.06437790996458582, 0.44581865448900915, 1
53, 0.2575935920983484, 0.06437790996458582, 0.44581865448900915, 1
54, 0.2575935920983484, 0.06437790996458582, 0.44581865448900915, 1
55, 0.2575935920983484, 0.06437790996458582, 0.44581865448900915, 1
56, 0.2575935920983484, 0.06437790996458582, 0.44581865448900915, 1
57, 0.2575935920983484, 0.06437790996458582, 0.44581865448900915, 1
58, 0.2575935920983484, 0.06437790996458582, 0.44581865448900915, 1
59, 0.2575935920983484, 0.06437790996458582, 0.44581865448900915, 1
60, 0.15501243095955003, 0.13696183204865256, 0.18778420885921926, 0
61, 0.15501243095955003, 0.13696183204865256, 0.18778420885921926, 0
62, 0.15501243095955003, 0.13696183204865256, 0.18778420885921926, 0
63, 0.15501243095955003, 0.13696183204865256, 0.18778420885921926, 0
64, 0.15501243095955003, 0.13696183204865256, 0.18778420885921926, 0
65, 0.15501243095955003, 0.13696183204865256, 0.18778420885921926, 0
66, 0.15501243095955003, 0.13696183204865256, 0.18778420885921926, 0
67, 0.15501243095955003, 0.13696183204865256, 0.18778420885921926, 0
68, 0.15501243095955003, 0.13696183204865256, 0.18778420885921926, 0
69, 0.15501243095955003, 0.13696183204865256, 0.18778420885921926, 0
70, 0.15501243095955003, 0.13696183204865256, 0.18778420885921926, 0
71, 0.15501243095955003, 0.13696183204865256, 0.18778420885921926, 0
72, 0.15501243095955003, 0.13696183204865256, 0.18778420885921926, 0
73, 0.15501243095955003, 0.13696183204865256, 0.18778420885921926, 0
74, 0.15501243095955003, 0.13696183204865256, 0.18778420885921926, 0
75, 0.15501243095955003, 0.13696183204865256, 0.18778420885921926, 0
76, 0.15501243095955003, 0.13696183204865256, 0.18778420885921926, 0
77, 0.15501243095955003, 0.13696183204865256, 0.18778420885921926, 0
78, 0.15501243095955003, 0.13696183204865256, 0.18778420885921926, 0
79, 0.15501243095955003, 0.13696183204865256, 0.18778420885921926, 0
80, 0.15501243095955003, 0.13696183204865256, 0.18778420885921926, 0
81, 0.15501243095955003, 0.13696183204865256, 0.18778420885921926, 0
82, 0.15501243095955003, 0.13696183204865256, 0.18778420885921926, 0
83, 0.15501243095955003, 0.13696183204865256, 0.18778420885921926, 0
84, 0.15501243095955003, 0.13696183204865256, 0.18778420885921926, 0
85, 0.15501243095955003, 0.13696183204865256, 0.18778420885921926, 0
86, 0.15501243095955003, 0.13696183204865256, 0.18778420885921926, 0
87, 0.15501243095955003, 0.13696183204865256, 0.18778420885921926, 0
88, 0.15501243095955003, 0.13696183204865256, 0.18778420885921926, 0
89, 0.15501243095955003, 0.13696183204865256, 0.18778420885921926, 0
90, 0.15501243095955003, 0.13696183204865256, 0.18778420885921926, 0
91, 0.15501243095955003, 0.13696183204865256, 0.18778420885921926, 0
92, 0.15501243095955003, 0.13696183204865256, 0.18778420885921926, 0
93, 0.15501243095955003, 0.13696183204865256, 0.18778420885921926, 0
94, 0.15501243095955003, 0.13696183204865256, 0.18778420885921926, 0
95, 0.15501243095955003, 0.13696183204865256, 0.18778420885921926, 0
96, 0.15501243095955003, 0.13696183204865256, 0.18778420885921926, 0
97, 0.15501243095955003, 0.13696183204865256, 0.18778420885921926, 0
98, 0.15501243095955003, 0.13696183204865256, 0.18778420885921926, 0
99, 0.15501243095955003, 0.13696183204865256, 0.18778420885921926, 0
100, 0.15501243095955003, 0.13696183204865256, 0.18778420885921926, 0
101, 0.06478891068691761, 0.03429462432589672, 0.10134274767133888, 3
102, 0.06478891068691761, 0.03429462432589672, 0.10134274767133888, 3
103, 0.06478891068691761, 0.03429462432589672, 0.10134274767133888, 3
104, 0.06478891068691761, 0.03429462432589672, 0.10134274767133888, 3
105, 0.06478891068691761, 0.03429462432589672, 0.10134274767133888, 3
106, 0.05056950866327765, 0.005169289263592305, 0.09323120974933007, 2
107, 0.05056950866327765, 0.005169289263592305, 0.09323120974933007, 2
108, 0.05056950866327765, 0.005169289263592305, 0.09323120974933007, 2
109, 0.05056950866327765, 0.005169289263592305, 0.09323120974933007, 2
110, 0.05056950866327765, 0.005169289263592305, 0.09323120974933007, 2
111, 0.05056950866327765, 0.005169289263592305, 0.09323120974933007, 2
112, 0.05056950866327765, 0.005169289263592305, 0.09323120974933007, 2
113, 0.05056950866327765, 0.005169289263592305, 0.09323120974933007, 2
114, 0.05056950866327765, 0.005169289263592305, 0.09323120974933007, 2
115, 0.05056950866327765, 0.005169289263592305, 0.09323120974933007, 2
116, 0.05056950866327765, 0.005169289263592305, 0.09323120974933007, 2
117, 0.05056950866327765, 0.005169289263592305, 0.09323120974933007, 2
118, 0.05056950866327765, 0.005169289263592305, 0.09323120974933007, 2
119, 0.05056950866327765, 0.005169289263592305, 0.09323120974933007, 2
120, 0.05056950866327765, 0.005169289263592305, 0.09323120974933007, 2
121, 0.05056950866327765, 0.005169289263592305, 0.09323120974933007, 2
122, 0.05056950866327765, 0.005169289263592305, 0.09323120974933007, 2
123, 0.05056950866327765, 0.005169289263592305, 0.09323120974933007, 2
124, 0.05056950866327765, 0.005169289263592305, 0.09323120974933007, 2
125, 0.05056950866327765, 0.005169289263592305, 0.09323120974933007, 2
126, 0.05056950866327765, 0.005169289263592305, 0.09323120974933007, 2
127, 0.05056950866327765, 0.005169289263592305, 0.09323120974933007, 2
128, 0.05056950866327765, 0.005169289263592305, 0.09323120974933007, 2
129, 0.05056950866327765, 0.005169289263592305, 0.09323120974933007, 2
130, 0.05056950866327765, 0.005169289263592305, 0.09323120974933007, 2
131, 0.05056950866327765, 0.005169289263592305, 0.09323120974933007, 2
132, 0.05056950866327765, 0.005169289263592305, 0.09323120974933007, 2
133, 0.05056950866327765, 0.005169289263592305, 0.09323120974933007, 2
134, 0.05056950866327765, 0.005169289263592305, 0.09323120974933007, 2
135, 0.05056950866327765, 0.005169289263592305, 0.09323120974933007, 2
136, 0.05056950866327765, 0.005169289263592305, 0.09323120974933007, 2
137, 0.05056950866327765, 0.005169289263592305, 0.09323120974933007, 2
138, 0.05056950866327765, 0.005169289263592305, 0.09323120974933007, 2
139, 0.05056950866327765, 0.005169289263592305, 0.09323120974933007, 2
140, 0.05056950866327765, 0.005169289263592305, 0.09323120974933007, 2
141, 0.05056950866327765, 0.005169289263592305, 0.09323120974933007, 2
142, 0.05056950866327765, 0.005169289263592305, 0.09323120974933007, 2
143, 0.05056950866327765, 0.005169289263592305, 0.09323120974933007, 2
144, 0.05056950866327765, 0.005169289263592305, 0.09323120974933007, 2
145, 0.05056950866327765, 0.005169289263592305, 0.09323120974933007, 2
146, 0.05056950866327765, 0.005169289263592305, 0.09323120974933007, 2
147, 0.05056950866327765, 0.005169289263592305, 0.09323120974933007, 2
148, 0.05056950866327765, 0.005169289263592305, 0.09323120974933007, 2
149, 0.05056950866327765, 0.005169289263592305, 0.09323120974933007, 2
150, 0.05056950866327765, 0.005169289263592305, 0.09323120974933007, 2
151, 0.05056950866327765, 0.005169289263592305, 0.09323120974933007, 2
152, 0.05056950866327765, 0.005169289263592305, 0.09323120974933007, 2
153, 0.05056950866327765, 0.005169289263592305, 0.09323120974933007, 2
154, 0.05056950866327765, 0.005169289263592305, 0.09323120974933007, 2
155, 0.05056950866327765, 0.005169289263592305, 0.09323120974933007, 2
156, 0.05056950866327765, 0.005169289263592305, 0.09323120974933007, 2
157, 0.05056950866327765, 0.005169289263592305, 0.09323120974933007, 2
158, 0.05056950866327765, 0.005169289263592305, 0.09323120974933007, 2
159, 0.05056950866327765, 0.005169289263592305, 0.09323120974933007, 2
160, 0.05056950866327765, 0.005169289263592305, 0.09323120974933007, 2
161, 0.05056950866327765, 0.005169289263592305, 0.09323120974933007, 2
162, 0.05056950866327765, 0.005169289263592305, 0.09323120974933007, 2
163, 0.05056950866327765, 0.005169289263592305, 0.09323120974933007, 2
164, 0.05056950866327765, 0.005169289263592305, 0.09323120974933007, 2
165, 0.05056950866327765, 0.005169289263592305, 0.09323120974933007, 2
166, 0.05056950866327765, 0.005169289263592305, 0.09323120974933007, 2
167, 0.05056950866327765, 0.005169289263592305, 0.09323120974933007, 2
168, 0.05056950866327765, 0.005169289263592305, 0.09323120974933007, 2
169, 0.05056950866327765, 0.005169289263592305, 0.09323120974933007, 2
170, 0.05056950866327765, 0.005169289263592305, 0.09323120974933007, 2
171, 0.05056950866327765, 0.005169289263592305, 0.09323120974933007, 2
172, 0.05056950866327765, 0.005169289263592305, 0.09323120974933007, 2
173, 0.05056950866327765, 0.005169289263592305, 0.09323120974933007, 2
174, 0.05056950866327765, 0.005169289263592305, 0.09323120974933007, 2
175, 0.05056950866327765, 0.005169289263592305, 0.09323120974933007, 2
176, 0.05056950866327765, 0.005169289263592305, 0.09323120974933007, 2
177, 0.05056950866327765, 0.005169289263592305, 0.09323120974933007, 2
178, 0.05056950866327765, 0.005169289263592305, 0.09323120974933007, 2
179, 0.05056950866327765, 0.005169289263592305, 0.09323120974933007, 2
180, 0.05056950866327765, 0.005169289263592305, 0.09323120974933007, 2
181, 0.05056950866327765, 0.005169289263592305, 0.09323120974933007, 2
182, 0.05056950866327765, 0.005169289263592305, 0.09323120974933007, 2
183, 0.05056950866327765, 0.005169289263592305, 0.09323120974933007, 2
184, 0.05056950866327765, 0.005169289263592305, 0.09323120974933007, 2
185, 0.05056950866327765, 0.005169289263592305, 0.09323120974933007, 2
186, 0.05056950866327765, 0.005169289263592305, 0.09323120974933007, 2
187, 0.05056950866327765, 0.005169289263592305, 0.09323120974933007, 2
188, 0.05056950866327765, 0.005169289263592305, 0.09323120974933007, 2
189, 0.05056950866327765, 0.005169289263592305, 0.09323120974933007, 2
190, 0.05056950866327765, 0.005169289263592305, 0.09323120974933007, 2
191, 0.05056950866327765, 0.005169289263592305, 0.09323120974933007, 2
192, 0.05056950866327765, 0.005169289263592305, 0.09323120974933007, 2
193, 0.05056950866327765, 0.005169289263592305, 0.09323120974933007, 2
194, 0.05056950866327765, 0.005169289263592305, 0.09323120974933007, 2
195, 0.05056950866327765, 0.005169289263592305, 0.09323120974933007, 2
196, 0.05056950866327765, 0.005169289263592305, 0.09323120974933007, 2
197, 0.05056950866327765, 0.005169289263592305, 0.09323120974933007, 2
198, 0.05056950866327765, 0.005169289263592305, 0.09323120974933007, 2
199, 0.05056950866327765, 0.005169289263592305, 0.09323120974933007, 2
200, 0.05056950866327765, 0.005169289263592305, 0.09323120974933007, 2
201, 0.05056950866327765, 0.005169289263592305, 0.09323120974933007, 2
202, 0.05056950866327765, 0.005169289263592305, 0.09323120974933007, 2
203, 0.05056950866327765, 0.005169289263592305, 0.09323120974933007, 2
204, 0.05056950866327765, 0.005169289263592305, 0.09323120974933007, 2
205, 0.05056950866327765, 0.005169289263592305, 0.09323120974933007, 2
206, 0.05056950866327765, 0.005169289263592305, 0.09323120974933007, 2
207, 0.05056950866327765, 0.005169289263592305, 0.09323120974933007, 2
208, 0.05056950866327765, 0.005169289263592305, 0.09323120974933007, 2
209, 0.05056950866327765, 0.005169289263592305, 0.09323120974933007, 2
210, 0.05056950866327765, 0.005169289263592305, 0.09323120974933007, 2
211, 0.05056950866327765, 0.005169289263592305, 0.09323120974933007, 2
212, 0.05056950866327765, 0.005169289263592305, 0.09323120974933007, 2
213, 0.050363560922373866, 0.025464218199072113, 0.06267601878542992, 4
214, 0.050363560922373866, 0.025464218199072113, 0.06267601878542992, 4
215, 0.050363560922373866, 0.025464218199072113, 0.06267601878542992, 4
216, 0.050363560922373866, 0.025464218199072113, 0.06267601878542992, 4
217, 0.050363560922373866, 0.025464218199072113, 0.06267601878542992, 4
218, 0.050363560922373866, 0.025464218199072113, 0.06267601878542992, 4
219, 0.050363560922373866, 0.025464218199072113, 0.06267601878542992, 4
220, 0.050363560922373866, 0.025464218199072113, 0.06267601878542992, 4
221, 0.050363560922373866, 0.025464218199072113, 0.06267601878542992, 4
222, 0.050363560922373866, 0.025464218199072113, 0.06267601878542992, 4
223, 0.050363560922373866, 0.025464218199072113, 0.06267601878542992, 4
224, 0.050363560922373866, 0.025464218199072113, 0.06267601878542992, 4
225, 0.050363560922373866, 0.025464218199072113, 0.06267601878542992, 4
226, 0.050363560922373866, 0.025464218199072113, 0.06267601878542992, 4
227, 0.050363560922373866, 0.025464218199072113, 0.06267601878542992, 4
228, 0.050363560922373866, 0.025464218199072113, 0.06267601878542992, 4
229, 0.050363560922373866, 0.025464218199072113, 0.06267601878542992, 4
230, 0.050363560922373866, 0.025464218199072113, 0.06267601878542992, 4
231, 0.050363560922373866, 0.025464218199072113, 0.06267601878542992, 4
232, 0.050363560922373866, 0.025464218199072113, 0.06267601878542992, 4
233, 0.050363560922373866, 0.025464218199072113, 0.06267601878542992, 4
234, 0.050363560922373866, 0.025464218199072113, 0.06267601878542992, 4
235, 0.050363560922373866, 0.025464218199072113, 0.06267601878542992, 4
236, 0.050363560922373866, 0.025464218199072113, 0.06267601878542992, 4
237, 0.050363560922373866, 0.025464218199072113, 0.06267601878542992, 4
238, 0.050363560922373866, 0.025464218199072113, 0.06267601878542992, 4
239, 0.050363560922373866, 0.025464218199072113, 0.06267601878542992, 4
240, 0.050363560922373866, 0.025464218199072113, 0.06267601878542992, 4
241, 0.050363560922373866, 0.025464218199072113, 0.06267601878542992, 4
242, 0.050363560922373866, 0.025464218199072113, 0.06267601878542992, 4
243, 0.050363560922373866, 0.025464218199072113, 0.06267601878542992, 4
244, 0.050363560922373866, 0.025464218199072113, 0.06267601878542992, 4
245, 0.050363560922373866, 0.025464218199072113, 0.06267601878542992, 4
246, 0.050363560922373866, 0.025464218199072113, 0.06267601878542992, 4
247, 0.050363560922373866, 0.025464218199072113, 0.06267601878542992, 4
248, 0.050363560922373866, 0.025464218199072113, 0.06267601878542992, 4
249, 0.050363560922373866, 0.025464218199072113, 0.06267601878542992, 4
250, 0.050363560922373866, 0.025464218199072113, 0.06267601878542992, 4
251, 0.050363560922373866, 0.025464218199072113, 0.06267601878542992, 4
252, 0.050363560922373866, 0.025464218199072113, 0.06267601878542992, 4
253, 0.050363560922373866, 0.025464218199072113, 0.06267601878542992, 4
254, 0.050363560922373866, 0.025464218199072113, 0.06267601878542992, 4
255, 0.050363560922373866, 0.025464218199072113, 0.06267601878542992, 4
256, 0.050363560922373866, 0.025464218199072113, 0.06267601878542992, 4
257, 0.050363560922373866, 0.025464218199072113, 0.06267601878542992, 4
258, 0.050363560922373866, 0.025464218199072113, 0.06267601878542992, 4
259, 0.050363560922373866, 0.025464218199072113, 0.06267601878542992, 4
260, 0.050363560922373866, 0.025464218199072113, 0.06267601878542992, 4
261, 0.050363560922373866, 0.025464218199072113, 0.06267601878542992, 4
262, 0.050363560922373866, 0.025464218199072113, 0.06267601878542992, 4
263, 0.050363560922373866, 0.025464218199072113, 0.06267601878542992, 4
264, 0.050363560922373866, 0.025464218199072113, 0.06267601878542992, 4
265, 0.050363560922373866, 0.025464218199072113, 0.06267601878542992, 4
266, 0.050363560922373866, 0.025464218199072113, 0.06267601878542992, 4
267, 0.050363560922373866, 0.025464218199072113, 0.06267601878542992, 4
268, 0.050363560922373866, 0.025464218199072113, 0.06267601878542992, 4
269, 0.050363560922373866, 0.025464218199072113, 0.06267601878542992, 4
270, 0.050363560922373866, 0.025464218199072113, 0.06267601878542992, 4
271, 0.050363560922373866, 0.025464218199072113, 0.06267601878542992, 4
272, 0.050363560922373866, 0.025464218199072113, 0.06267601878542992, 4
273, 0.050363560922373866, 0.025464218199072113, 0.06267601878542992, 4
274, 0.050363560922373866, 0.025464218199072113, 0.06267601878542992, 4
275, 0.050363560922373866, 0.025464218199072113, 0.06267601878542992, 4
276, 0.050363560922373866, 0.025464218199072113, 0.06267601878542992, 4
277, 0.050363560922373866, 0.025464218199072113, 0.06267601878542992, 4
278, 0.050363560922373866, 0.025464218199072113, 0.06267601878542992, 4
279, 0.050363560922373866, 0.025464218199072113, 0.06267601878542992, 4
280, 0.050363560922373866, 0.025464218199072113, 0.06267601878542992, 4
281, 0.050363560922373866, 0.025464218199072113, 0.06267601878542992, 4
282, 0.050363560922373866, 0.025464218199072113, 0.06267601878542992, 4
283, 0.050363560922373866, 0.025464218199072113, 0.06267601878542992, 4
284, 0.050363560922373866, 0.025464218199072113, 0.06267601878542992, 4
285, 0.050363560922373866, 0.025464218199072113, 0.06267601878542992, 4
286, 0.050363560922373866, 0.025464218199072113, 0.06267601878542992, 4
287, 0.050363560922373866, 0.025464218199072113, 0.06267601878542992, 4
288, 0.050363560922373866, 0.025464218199072113, 0.06267601878542992, 4
289, 0.050363560922373866, 0.025464218199072113, 0.06267601878542992, 4
290, 0.050363560922373866, 0.025464218199072113, 0.06267601878542992, 4
291, 0.050363560922373866, 0.025464218199072113, 0.06267601878542992, 4
292, 0.050363560922373866, 0.025464218199072113, 0.06267601878542992, 4
293, 0.050363560922373866, 0.025464218199072113, 0.06267601878542992, 4
294, 0.050363560922373866, 0.025464218199072113, 0.06267601878542992, 4
295, 0.050363560922373866, 0.025464218199072113, 0.06267601878542992, 4
296, 0.050363560922373866, 0.025464218199072113, 0.06267601878542992, 4
297, 0.050363560922373866, 0.025464218199072113, 0.06267601878542992, 4
298, 0.050363560922373866, 0.025464218199072113, 0.06267601878542992, 4
299, 0.050363560922373866, 0.025464218199072113, 0.06267601878542992, 4
300, 0.050363560922373866, 0.025464218199072113, 0.06267601878542992, 4
301, 0.050363560922373866, 0.025464218199072113, 0.06267601878542992, 4
302, 0.050363560922373866, 0.025464218199072113, 0.06267601878542992, 4
303, 0.050363560922373866, 0.025464218199072113, 0.06267601878542992, 4
304, 0.050363560922373866, 0.025464218199072113, 0.06267601878542992, 4
305, 0.050363560922373866, 0.025464218199072113, 0.06267601878542992, 4
306, 0.050363560922373866, 0.025464218199072113, 0.06267601878542992, 4
307, 0.050363560922373866, 0.025464218199072113, 0.06267601878542992, 4
308, 0.050363560922373866, 0.025464218199072113, 0.06267601878542992, 4
309, 0.050363560922373866, 0.025464218199072113, 0.06267601878542992, 4
310, 0.050363560922373866, 0.025464218199072113, 0.06267601878542992, 4
311, 0.050363560922373866, 0.025464218199072113, 0.06267601878542992, 4
312, 0.050363560922373866, 0.025464218199072113, 0.06267601878542992, 4
313, 0.050363560922373866, 0.025464218199072113, 0.06267601878542992, 4
314, 0.050363560922373866, 0.025464218199072113, 0.06267601878542992, 4
315, 0.050363560922373866, 0.025464218199072113, 0.06267601878542992, 4
316, 0.050363560922373866, 0.025464218199072113, 0.06267601878542992, 4
317, 0.050363560922373866, 0.025464218199072113, 0.06267601878542992, 4
318, 0.050363560922373866, 0.025464218199072113, 0.06267601878542992, 4
319, 0.050363560922373866, 0.025464218199072113, 0.06267601878542992, 4
320, 0.050363560922373866, 0.025464218199072113, 0.06267601878542992, 4
321, 0.050363560922373866, 0.025464218199072113, 0.06267601878542992, 4
322, 0.050363560922373866, 0.025464218199072113, 0.06267601878542992, 4
323, 0.050363560922373866, 0.025464218199072113, 0.06267601878542992, 4
324, 0.050363560922373866, 0.025464218199072113, 0.06267601878542992, 4
325, 0.050363560922373866, 0.025464218199072113, 0.06267601878542992, 4
326, 0.050363560922373866, 0.025464218199072113, 0.06267601878542992, 4
327, 0.050363560922373866, 0.025464218199072113, 0.06267601878542992, 4
328, 0.050363560922373866, 0.025464218199072113, 0.06267601878542992, 4
329, 0.050363560922373866, 0.025464218199072113, 0.06267601878542992, 4
330, 0.050363560922373866, 0.025464218199072113, 0.06267601878542992, 4
331, 0.050363560922373866, 0.025464218199072113, 0.06267601878542992, 4
332, 0.050363560922373866, 0.025464218199072113, 0.06267601878542992, 4
333, 0.050363560922373866, 0.025464218199072113, 0.06267601878542992, 4
334, 0.050363560922373866, 0.025464218199072113, 0.06267601878542992, 4
335, 0.050363560922373866, 0.025464218199072113, 0.06267601878542992, 4
336, 0.050363560922373866, 0.025464218199072113, 0.06267601878542992, 4
337, 0.050363560922373866, 0.025464218199072113, 0.06267601878542992, 4
338, 0.050363560922373866, 0.025464218199072113, 0.06267601878542992, 4
339, 0.050363560922373866, 0.025464218199072113, 0.06267601878542992, 4
340, 0.050363560922373866, 0.025464218199072113, 0.06267601878542992, 4
341, 0.050363560922373866, 0.025464218199072113, 0.06267601878542992, 4
342, 0.050363560922373866, 0.025464218199072113, 0.06267601878542992, 4
343, 0.050363560922373866, 0.025464218199072113, 0.06267601878542992, 4
344, 0.050363560922373866, 0.025464218199072113, 0.06267601878542992, 4
345, 0.050363560922373866, 0.025464218199072113, 0.06267601878542992, 4
346, 0.050363560922373866, 0.025464218199072113, 0.06267601878542992, 4
347, 0.050363560922373866, 0.025464218199072113, 0.06267601878542992, 4
348, 0.050363560922373866, 0.025464218199072113, 0.06267601878542992, 4
349, 0.050363560922373866, 0.025464218199072113, 0.06267601878542992, 4
350, 0.050363560922373866, 0.025464218199072113, 0.06267601878542992, 4
351, 0.050363560922373866, 0.025464218199072113, 0.06267601878542992, 4
352, 0.050363560922373866, 0.025464218199072113, 0.06267601878542992, 4
353, 0.050363560922373866, 0.025464218199072113, 0.06267601878542992, 4
354, 0.050363560922373866, 0.025464218199072113, 0.06267601878542992, 4
355, 0.050363560922373866, 0.025464218199072113, 0.06267601878542992, 4
356, 0.050363560922373866, 0.025464218199072113, 0.06267601878542992, 4
357, 0.050363560922373866, 0.025464218199072113, 0.06267601878542992, 4
358, 0.050363560922373866, 0.025464218199072113, 0.06267601878542992, 4
359, 0.050363560922373866, 0.025464218199072113, 0.06267601878542992, 4
360, 0.050363560922373866, 0.025464218199072113, 0.06267601878542992, 4
361, 0.050363560922373866, 0.025464218199072113, 0.06267601878542992, 4
362, 0.050363560922373866, 0.025464218199072113, 0.06267601878542992, 4
363, 0.050363560922373866, 0.025464218199072113, 0.06267601878542992, 4
364, 0.050363560922373866, 0.025464218199072113, 0.06267601878542992, 4
365, 0.050363560922373866, 0.025464218199072113, 0.06267601878542992, 4
366, 0.050363560922373866, 0.025464218199072113, 0.06267601878542992, 4
367, 0.050363560922373866, 0.025464218199072113, 0.06267601878542992, 4
368, 0.050363560922373866, 0.025464218199072113, 0.06267601878542992, 4
369, 0.050363560922373866, 0.025464218199072113, 0.06267601878542992, 4
370, 0.050363560922373866, 0.025464218199072113, 0.06267601878542992, 4
371, 0.050363560922373866, 0.025464218199072113, 0.06267601878542992, 4
372, 0.050363560922373866, 0.025464218199072113, 0.06267601878542992, 4
373, 0.050363560922373866, 0.025464218199072113, 0.06267601878542992, 4
374, 0.050363560922373866, 0.025464218199072113, 0.06267601878542992, 4
375, 0.050363560922373866, 0.025464218199072113, 0.06267601878542992, 4
376, 0.050363560922373866, 0.025464218199072113, 0.06267601878542992, 4
377, 0.050363560922373866, 0.025464218199072113, 0.06267601878542992, 4
378, 0.050363560922373866, 0.025464218199072113, 0.06267601878542992, 4
379, 0.050363560922373866, 0.025464218199072113, 0.06267601878542992, 4
380, 0.050363560922373866, 0.025464218199072113, 0.06267601878542992, 4
381, 0.050363560922373866, 0.025464218199072113, 0.06267601878542992, 4
382, 0.050363560922373866, 0.025464218199072113, 0.06267601878542992, 4
383, 0.050363560922373866, 0.025464218199072113, 0.06267601878542992, 4
384, 0.050363560922373866, 0.025464218199072113, 0.06267601878542992, 4
385, 0.050363560922373866, 0.025464218199072113, 0.06267601878542992, 4
386, 0.050363560922373866, 0.025464218199072113, 0.06267601878542992, 4
387, 0.050363560922373866, 0.025464218199072113, 0.06267601878542992, 4
388, 0.050363560922373866, 0.025464218199072113, 0.06267601878542992, 4
389, 0.050363560922373866, 0.025464218199072113, 0.06267601878542992, 4
390, 0.050363560922373866, 0.025464218199072113, 0.06267601878542992, 4
391, 0.050363560922373866, 0.025464218199072113, 0.06267601878542992, 4
392, 0.050363560922373866, 0.025464218199072113, 0.06267601878542992, 4
393, 0.050363560922373866, 0.025464218199072113, 0.06267601878542992, 4
394, 0.050363560922373866, 0.025464218199072113, 0.06267601878542992, 4
395, 0.050363560922373866, 0.025464218199072113, 0.06267601878542992, 4
396, 0.050363560922373866, 0.025464218199072113, 0.06267601878542992, 4
397, 0.050363560922373866, 0.025464218199072113, 0.06267601878542992, 4
398, 0.050363560922373866, 0.025464218199072113, 0.06267601878542992, 4
399, 0.050363560922373866, 0.025464218199072113, 0.06267601878542992, 4
400, 0.050363560922373866, 0.025464218199072113, 0.06267601878542992, 4
401, 0.050363560922373866, 0.025464218199072113, 0.06267601878542992, 4
402, 0.050363560922373866, 0.025464218199072113, 0.06267601878542992, 4
403, 0.050363560922373866, 0.025464218199072113, 0.06267601878542992, 4
404, 0.050363560922373866, 0.025464218199072113, 0.06267601878542992, 4
405, 0.050363560922373866, 0.025464218199072113, 0.06267601878542992, 4
406, 0.050363560922373866, 0.025464218199072113, 0.06267601878542992, 4
407, 0.050363560922373866, 0.025464218199072113, 0.06267601878542992, 4
408, 0.050363560922373866, 0.025464218199072113, 0.06267601878542992, 4
409, 0.050363560922373866, 0.025464218199072113, 0.06267601878542992, 4
410, 0.050363560922373866, 0.025464218199072113, 0.06267601878542992, 4
411, 0.050363560922373866, 0.025464218199072113, 0.06267601878542992, 4
412, 0.050363560922373866, 0.025464218199072113, 0.06267601878542992, 4
413, 0.050363560922373866, 0.025464218199072113, 0.06267601878542992, 4
414, 0.050363560922373866, 0.025464218199072113, 0.06267601878542992, 4
415, 0.050363560922373866, 0.025464218199072113, 0.06267601878542992, 4
416, 0.050363560922373866, 0.025464218199072113, 0.06267601878542992, 4
417, 0.050363560922373866, 0.025464218199072113, 0.06267601878542992, 4
418, 0.050363560922373866, 0.025464218199072113, 0.06267601878542992, 4
419, 0.050363560922373866, 0.025464218199072113, 0.06267601878542992, 4
420, 0.050363560922373866, 0.025464218199072113, 0.06267601878542992, 4
421, 0.050363560922373866, 0.025464218199072113, 0.06267601878542992, 4
422, 0.050363560922373866, 0.025464218199072113, 0.06267601878542992, 4
423, 0.050363560922373866, 0.025464218199072113, 0.06267601878542992, 4
424, 0.050363560922373866, 0.025464218199072113, 0.06267601878542992, 4
425, 0.050363560922373866, 0.025464218199072113, 0.06267601878542992, 4
426, 0.050363560922373866, 0.025464218199072113, 0.06267601878542992, 4
427, 0.050363560922373866, 0.025464218199072113, 0.06267601878542992, 4
428, 0.050363560922373866, 0.025464218199072113, 0.06267601878542992, 4
429, 0.050363560922373866, 0.025464218199072113, 0.06267601878542992, 4
430, 0.050363560922373866, 0.025464218199072113, 0.06267601878542992, 4
431, 0.050363560922373866, 0.025464218199072113, 0.06267601878542992, 4
432, 0.050363560922373866, 0.025464218199072113, 0.06267601878542992, 4
433, 0.050363560922373866, 0.025464218199072113, 0.06267601878542992, 4
434, 0.050363560922373866, 0.025464218199072113, 0.06267601878542992, 4
435, 0.050363560922373866, 0.025464218199072113, 0.06267601878542992, 4
436, 0.050363560922373866, 0.025464218199072113, 0.06267601878542992, 4
437, 0.050363560922373866, 0.025464218199072113, 0.06267601878542992, 4
438, 0.050363560922373866, 0.025464218199072113, 0.06267601878542992, 4
439, 0.050363560922373866, 0.025464218199072113, 0.06267601878542992, 4
440, 0.050363560922373866, 0.025464218199072113, 0.06267601878542992, 4
441, 0.050363560922373866, 0.025464218199072113, 0.06267601878542992, 4
442, 0.050363560922373866, 0.025464218199072113, 0.06267601878542992, 4
443, 0.050363560922373866, 0.025464218199072113, 0.06267601878542992, 4
444, 0.050363560922373866, 0.025464218199072113, 0.06267601878542992, 4
445, 0.050363560922373866, 0.025464218199072113, 0.06267601878542992, 4
446, 0.050363560922373866, 0.025464218199072113, 0.06267601878542992, 4
447, 0.050363560922373866, 0.025464218199072113, 0.06267601878542992, 4
448, 0.050363560922373866, 0.025464218199072113, 0.06267601878542992, 4
449, 0.050363560922373866, 0.025464218199072113, 0.06267601878542992, 4
450, 0.050363560922373866, 0.025464218199072113, 0.06267601878542992, 4
451, 0.050363560922373866, 0.025464218199072113, 0.06267601878542992, 4
452, 0.050363560922373866, 0.025464218199072113, 0.06267601878542992, 4
453, 0.050363560922373866, 0.025464218199072113, 0.06267601878542992, 4
454, 0.050363560922373866, 0.025464218199072113, 0.06267601878542992, 4
455, 0.050363560922373866, 0.025464218199072113, 0.06267601878542992, 4
456, 0.050363560922373866, 0.025464218199072113, 0.06267601878542992, 4
457, 0.050363560922373866, 0.025464218199072113, 0.06267601878542992, 4
458, 0.050363560922373866, 0.025464218199072113, 0.06267601878542992, 4
459, 0.050363560922373866, 0.025464218199072113, 0.06267601878542992, 4
460, 0.050363560922373866, 0.025464218199072113, 0.06267601878542992, 4
461, 0.050363560922373866, 0.025464218199072113, 0.06267601878542992, 4
462, 0.050363560922373866, 0.025464218199072113, 0.06267601878542992, 4
463, 0.050363560922373866, 0.025464218199072113, 0.06267601878542992, 4
464, 0.050363560922373866, 0.025464218199072113, 0.06267601878542992, 4
465, 0.050363560922373866, 0.025464218199072113, 0.06267601878542992, 4
466, 0.050363560922373866, 0.025464218199072113, 0.06267601878542992, 4
467, 0.050363560922373866, 0.025464218199072113, 0.06267601878542992, 4
468, 0.050363560922373866, 0.025464218199072113, 0.06267601878542992, 4
469, 0.050363560922373866, 0.025464218199072113, 0.06267601878542992, 4
470, 0.050363560922373866, 0.025464218199072113, 0.06267601878542992, 4
471, 0.050363560922373866, 0.025464218199072113, 0.06267601878542992, 4
472, 0.050363560922373866, 0.025464218199072113, 0.06267601878542992, 4
473, 0.050363560922373866, 0.025464218199072113, 0.06267601878542992, 4
474, 0.050363560922373866, 0.025464218199072113, 0.06267601878542992, 4
475, 0.050363560922373866, 0.025464218199072113, 0.06267601878542992, 4
476, 0.050363560922373866, 0.025464218199072113, 0.06267601878542992, 4
477, 0.050363560922373866, 0.025464218199072113, 0.06267601878542992, 4
478, 0.050363560922373866, 0.025464218199072113, 0.06267601878542992, 4
479, 0.050363560922373866, 0.025464218199072113, 0.06267601878542992, 4
480, 0.050363560922373866, 0.025464218199072113, 0.06267601878542992, 4
481, 0.050363560922373866, 0.025464218199072113, 0.06267601878542992, 4
482, 0.050363560922373866, 0.025464218199072113, 0.06267601878542992, 4
483, 0.050363560922373866, 0.025464218199072113, 0.06267601878542992, 4
484, 0.050363560922373866, 0.025464218199072113, 0.06267601878542992, 4
485, 0.050363560922373866, 0.025464218199072113, 0.06267601878542992, 4
486, 0.050363560922373866, 0.025464218199072113, 0.06267601878542992, 4
487, 0.050363560922373866, 0.025464218199072113, 0.06267601878542992, 4
488, 0.050363560922373866, 0.025464218199072113, 0.06267601878542992, 4
489, 0.050363560922373866, 0.025464218199072113, 0.06267601878542992, 4
490, 0.050363560922373866, 0.025464218199072113, 0.06267601878542992, 4
491, 0.050363560922373866, 0.025464218199072113, 0.06267601878542992, 4
492, 0.050363560922373866, 0.025464218199072113, 0.06267601878542992, 4
493, 0.050363560922373866, 0.025464218199072113, 0.06267601878542992, 4
494, 0.050363560922373866, 0.025464218199072113, 0.06267601878542992, 4
495, 0.050363560922373866, 0.025464218199072113, 0.06267601878542992, 4
496, 0.050363560922373866, 0.025464218199072113, 0.06267601878542992, 4
497, 0.050363560922373866, 0.025464218199072113, 0.06267601878542992, 4
498, 0.050363560922373866, 0.025464218199072113, 0.06267601878542992, 4
499, 0.050363560922373866, 0.025464218199072113, 0.06267601878542992, 4
500, 0.050363560922373866, 0.025464218199072113, 0.06267601878542992, 4
501, 0.050363560922373866, 0.025464218199072113, 0.06267601878542992, 4
