evals, mean, best, worst, success num
1, 3.4582877088698276, 2.996940877188832, 3.9999999999999996, 0
2, 3.4582877088698276, 2.996940877188832, 3.9999999999999996, 0
3, 2.50501769605168, 1.4197944420458535, 3.5973387009827587, 0
4, 2.50501769605168, 1.4197944420458535, 3.5973387009827587, 0
5, 1.088663420198188, 0.07222990878074068, 3.9999999999999996, 1
6, 1.088663420198188, 0.07222990878074068, 3.9999999999999996, 1
7, 1.088663420198188, 0.07222990878074068, 3.9999999999999996, 1
8, 1.088663420198188, 0.07222990878074068, 3.9999999999999996, 1
9, 1.088663420198188, 0.07222990878074068, 3.9999999999999996, 1
10, 1.088663420198188, 0.07222990878074068, 3.9999999999999996, 1
11, 1.088663420198188, 0.07222990878074068, 3.9999999999999996, 1
12, 1.088663420198188, 0.07222990878074068, 3.9999999999999996, 1
13, 1.088663420198188, 0.07222990878074068, 3.9999999999999996, 1
14, 1.088663420198188, 0.07222990878074068, 3.9999999999999996, 1
15, 1.088663420198188, 0.07222990878074068, 3.9999999999999996, 1
16, 1.088663420198188, 0.07222990878074068, 3.9999999999999996, 1
17, 1.088663420198188, 0.07222990878074068, 3.9999999999999996, 1
18, 1.088663420198188, 0.07222990878074068, 3.9999999999999996, 1
19, 1.088663420198188, 0.07222990878074068, 3.9999999999999996, 1
20, 1.088663420198188, 0.07222990878074068, 3.9999999999999996, 1
21, 1.088663420198188, 0.07222990878074068, 3.9999999999999996, 1
22, 1.088663420198188, 0.07222990878074068, 3.9999999999999996, 1
23, 1.088663420198188, 0.07222990878074068, 3.9999999999999996, 1
24, 1.088663420198188, 0.07222990878074068, 3.9999999999999996, 1
25, 1.088663420198188, 0.07222990878074068, 3.9999999999999996, 1
26, 1.088663420198188, 0.07222990878074068, 3.9999999999999996, 1
27, 1.088663420198188, 0.07222990878074068, 3.9999999999999996, 1
28, 1.088663420198188, 0.07222990878074068, 3.9999999999999996, 1
29, 1.088663420198188, 0.07222990878074068, 3.9999999999999996, 1
30, 1.088663420198188, 0.07222990878074068, 3.9999999999999996, 1
31, 1.088663420198188, 0.07222990878074068, 3.9999999999999996, 1
32, 1.088663420198188, 0.07222990878074068, 3.9999999999999996, 1
33, 1.088663420198188, 0.07222990878074068, 3.9999999999999996, 1
34, 1.088663420198188, 0.07222990878074068, 3.9999999999999996, 1
35, 1.088663420198188, 0.07222990878074068, 3.9999999999999996, 1
36, 1.088663420198188, 0.07222990878074068, 3.9999999999999996, 1
37, 1.088663420198188, 0.07222990878074068, 3.9999999999999996, 1
38, 1.088663420198188, 0.07222990878074068, 3.9999999999999996, 1
39, 1.088663420198188, 0.07222990878074068, 3.9999999999999996, 1
40, 1.088663420198188, 0.07222990878074068, 3.9999999999999996, 1
41, 1.088663420198188, 0.07222990878074068, 3.9999999999999996, 1
42, 1.056700414288695, 0.0505172429277543, 3.9999999999999996, 2
43, 1.056700414288695, 0.0505172429277543, 3.9999999999999996, 2
44, 1.056700414288695, 0.0505172429277543, 3.9999999999999996, 2
45, 1.056700414288695, 0.0505172429277543, 3.9999999999999996, 2
46, 1.056700414288695, 0.0505172429277543, 3.9999999999999996, 2
47, 1.056700414288695, 0.0505172429277543, 3.9999999999999996, 2
48, 1.056700414288695, 0.0505172429277543, 3.9999999999999996, 2
49, 1.056700414288695, 0.0505172429277543, 3.9999999999999996, 2
50, 1.056700414288695, 0.0505172429277543, 3.9999999999999996, 2
51, 1.056700414288695, 0.0505172429277543, 3.9999999999999996, 2
52, 1.056700414288695, 0.0505172429277543, 3.9999999999999996, 2
53, 1.056700414288695, 0.0505172429277543, 3.9999999999999996, 2
54, 1.056700414288695, 0.0505172429277543, 3.9999999999999996, 2
55, 1.056700414288695, 0.0505172429277543, 3.9999999999999996, 2
56, 1.056700414288695, 0.0505172429277543, 3.9999999999999996, 2
57, 1.056700414288695, 0.0505172429277543, 3.9999999999999996, 2
58, 1.056700414288695, 0.0505172429277543, 3.9999999999999996, 2
59, 1.056700414288695, 0.0505172429277543, 3.9999999999999996, 2
60, 1.056700414288695, 0.0505172429277543, 3.9999999999999996, 2
61, 1.056700414288695, 0.0505172429277543, 3.9999999999999996, 2
62, 1.056700414288695, 0.0505172429277543, 3.9999999999999996, 2
63, 1.056700414288695, 0.0505172429277543, 3.9999999999999996, 2
64, 1.056700414288695, 0.0505172429277543, 3.9999999999999996, 2
65, 1.056700414288695, 0.0505172429277543, 3.9999999999999996, 2
66, 1.056700414288695, 0.0505172429277543, 3.9999999999999996, 2
67, 1.056700414288695, 0.0505172429277543, 3.9999999999999996, 2
68, 1.056700414288695, 0.0505172429277543, 3.9999999999999996, 2
69, 1.056700414288695, 0.0505172429277543, 3.9999999999999996, 2
70, 1.056700414288695, 0.0505172429277543, 3.9999999999999996, 2
71, 1.056700414288695, 0.0505172429277543, 3.9999999999999996, 2
72, 1.056700414288695, 0.0505172429277543, 3.9999999999999996, 2
73, 1.056700414288695, 0.0505172429277543, 3.9999999999999996, 2
74, 1.056700414288695, 0.0505172429277543, 3.9999999999999996, 2
75, 1.056700414288695, 0.0505172429277543, 3.9999999999999996, 2
76, 1.056700414288695, 0.0505172429277543, 3.9999999999999996, 2
77, 1.056700414288695, 0.0505172429277543, 3.9999999999999996, 2
78, 1.056700414288695, 0.0505172429277543, 3.9999999999999996, 2
79, 1.056700414288695, 0.0505172429277543, 3.9999999999999996, 2
80, 1.056700414288695, 0.0505172429277543, 3.9999999999999996, 2
81, 1.056700414288695, 0.0505172429277543, 3.9999999999999996, 2
82, 1.056700414288695, 0.0505172429277543, 3.9999999999999996, 2
83, 1.056700414288695, 0.0505172429277543, 3.9999999999999996, 2
84, 1.056700414288695, 0.0505172429277543, 3.9999999999999996, 2
85, 1.056700414288695, 0.0505172429277543, 3.9999999999999996, 2
86, 1.056700414288695, 0.0505172429277543, 3.9999999999999996, 2
87, 1.056700414288695, 0.0505172429277543, 3.9999999999999996, 2
88, 1.056700414288695, 0.0505172429277543, 3.9999999999999996, 2
89, 1.056700414288695, 0.0505172429277543, 3.9999999999999996, 2
90, 1.056700414288695, 0.0505172429277543, 3.9999999999999996, 2
91, 1.056700414288695, 0.0505172429277543, 3.9999999999999996, 2
92, 1.056700414288695, 0.0505172429277543, 3.9999999999999996, 2
93, 1.0525231073326324, 0.05102083881124372, 3.9999999999999996, 2
94, 1.0525231073326324, 0.05102083881124372, 3.9999999999999996, 2
95, 1.0525231073326324, 0.05102083881124372, 3.9999999999999996, 2
96, 1.0525231073326324, 0.05102083881124372, 3.9999999999999996, 2
97, 1.0525231073326324, 0.05102083881124372, 3.9999999999999996, 2
98, 1.0525231073326324, 0.05102083881124372, 3.9999999999999996, 2
99, 1.0525231073326324, 0.05102083881124372, 3.9999999999999996, 2
100, 1.0525231073326324, 0.05102083881124372, 3.9999999999999996, 2
101, 1.0525231073326324, 0.05102083881124372, 3.9999999999999996, 2
102, 1.0525231073326324, 0.05102083881124372, 3.9999999999999996, 2
103, 1.0525231073326324, 0.05102083881124372, 3.9999999999999996, 2
104, 1.0525231073326324, 0.05102083881124372, 3.9999999999999996, 2
105, 1.0525231073326324, 0.05102083881124372, 3.9999999999999996, 2
106, 1.0525231073326324, 0.05102083881124372, 3.9999999999999996, 2
107, 1.0525231073326324, 0.05102083881124372, 3.9999999999999996, 2
108, 1.0525231073326324, 0.05102083881124372, 3.9999999999999996, 2
109, 1.0525231073326324, 0.05102083881124372, 3.9999999999999996, 2
110, 1.0525231073326324, 0.05102083881124372, 3.9999999999999996, 2
111, 1.0525231073326324, 0.05102083881124372, 3.9999999999999996, 2
112, 1.0525231073326324, 0.05102083881124372, 3.9999999999999996, 2
113, 1.0525231073326324, 0.05102083881124372, 3.9999999999999996, 2
114, 1.0525231073326324, 0.05102083881124372, 3.9999999999999996, 2
115, 1.0525231073326324, 0.05102083881124372, 3.9999999999999996, 2
116, 1.0525231073326324, 0.05102083881124372, 3.9999999999999996, 2
117, 1.0525231073326324, 0.05102083881124372, 3.9999999999999996, 2
118, 1.0525231073326324, 0.05102083881124372, 3.9999999999999996, 2
119, 1.0525231073326324, 0.05102083881124372, 3.9999999999999996, 2
120, 1.0525231073326324, 0.05102083881124372, 3.9999999999999996, 2
121, 1.0525231073326324, 0.05102083881124372, 3.9999999999999996, 2
122, 1.0525231073326324, 0.05102083881124372, 3.9999999999999996, 2
123, 1.0525231073326324, 0.05102083881124372, 3.9999999999999996, 2
124, 1.0525231073326324, 0.05102083881124372, 3.9999999999999996, 2
125, 1.0525231073326324, 0.05102083881124372, 3.9999999999999996, 2
126, 1.0525231073326324, 0.05102083881124372, 3.9999999999999996, 2
127, 1.0525231073326324, 0.05102083881124372, 3.9999999999999996, 2
128, 1.0525231073326324, 0.05102083881124372, 3.9999999999999996, 2
129, 1.0525231073326324, 0.05102083881124372, 3.9999999999999996, 2
130, 1.0525231073326324, 0.05102083881124372, 3.9999999999999996, 2
131, 1.0525231073326324, 0.05102083881124372, 3.9999999999999996, 2
132, 1.0525231073326324, 0.05102083881124372, 3.9999999999999996, 2
133, 1.0525231073326324, 0.05102083881124372, 3.9999999999999996, 2
134, 1.0525231073326324, 0.05102083881124372, 3.9999999999999996, 2
135, 1.0525231073326324, 0.05102083881124372, 3.9999999999999996, 2
136, 1.0525231073326324, 0.05102083881124372, 3.9999999999999996, 2
137, 1.0525231073326324, 0.05102083881124372, 3.9999999999999996, 2
138, 1.0525231073326324, 0.05102083881124372, 3.9999999999999996, 2
139, 1.0525231073326324, 0.05102083881124372, 3.9999999999999996, 2
140, 1.0525231073326324, 0.05102083881124372, 3.9999999999999996, 2
141, 1.0525231073326324, 0.05102083881124372, 3.9999999999999996, 2
142, 1.0525231073326324, 0.05102083881124372, 3.9999999999999996, 2
143, 1.0525231073326324, 0.05102083881124372, 3.9999999999999996, 2
144, 1.0525231073326324, 0.05102083881124372, 3.9999999999999996, 2
145, 1.0525231073326324, 0.05102083881124372, 3.9999999999999996, 2
146, 1.0525231073326324, 0.05102083881124372, 3.9999999999999996, 2
147, 1.0525231073326324, 0.05102083881124372, 3.9999999999999996, 2
148, 1.0525231073326324, 0.05102083881124372, 3.9999999999999996, 2
149, 1.0525231073326324, 0.05102083881124372, 3.9999999999999996, 2
150, 1.0525231073326324, 0.05102083881124372, 3.9999999999999996, 2
151, 1.0525231073326324, 0.05102083881124372, 3.9999999999999996, 2
152, 1.0525231073326324, 0.05102083881124372, 3.9999999999999996, 2
153, 1.0525231073326324, 0.05102083881124372, 3.9999999999999996, 2
154, 1.0525231073326324, 0.05102083881124372, 3.9999999999999996, 2
155, 1.0525231073326324, 0.05102083881124372, 3.9999999999999996, 2
156, 1.0525231073326324, 0.05102083881124372, 3.9999999999999996, 2
157, 1.0525231073326324, 0.05102083881124372, 3.9999999999999996, 2
158, 1.0525231073326324, 0.05102083881124372, 3.9999999999999996, 2
159, 1.0525231073326324, 0.05102083881124372, 3.9999999999999996, 2
160, 1.0525231073326324, 0.05102083881124372, 3.9999999999999996, 2
161, 1.0525231073326324, 0.05102083881124372, 3.9999999999999996, 2
162, 1.0525231073326324, 0.05102083881124372, 3.9999999999999996, 2
163, 1.0525231073326324, 0.05102083881124372, 3.9999999999999996, 2
164, 1.0525231073326324, 0.05102083881124372, 3.9999999999999996, 2
165, 1.0525231073326324, 0.05102083881124372, 3.9999999999999996, 2
166, 1.0525231073326324, 0.05102083881124372, 3.9999999999999996, 2
167, 1.0525231073326324, 0.05102083881124372, 3.9999999999999996, 2
168, 1.0525231073326324, 0.05102083881124372, 3.9999999999999996, 2
169, 1.0525231073326324, 0.05102083881124372, 3.9999999999999996, 2
170, 1.0525231073326324, 0.05102083881124372, 3.9999999999999996, 2
171, 1.0525231073326324, 0.05102083881124372, 3.9999999999999996, 2
172, 1.0525231073326324, 0.05102083881124372, 3.9999999999999996, 2
173, 1.0525231073326324, 0.05102083881124372, 3.9999999999999996, 2
174, 1.0525231073326324, 0.05102083881124372, 3.9999999999999996, 2
175, 1.0525231073326324, 0.05102083881124372, 3.9999999999999996, 2
176, 1.0525231073326324, 0.05102083881124372, 3.9999999999999996, 2
177, 1.0525231073326324, 0.05102083881124372, 3.9999999999999996, 2
178, 1.0525231073326324, 0.05102083881124372, 3.9999999999999996, 2
179, 1.0525231073326324, 0.05102083881124372, 3.9999999999999996, 2
180, 1.0525231073326324, 0.05102083881124372, 3.9999999999999996, 2
181, 1.0525231073326324, 0.05102083881124372, 3.9999999999999996, 2
182, 1.0525231073326324, 0.05102083881124372, 3.9999999999999996, 2
183, 1.0525231073326324, 0.05102083881124372, 3.9999999999999996, 2
184, 1.0525231073326324, 0.05102083881124372, 3.9999999999999996, 2
185, 1.0525231073326324, 0.05102083881124372, 3.9999999999999996, 2
186, 1.0525231073326324, 0.05102083881124372, 3.9999999999999996, 2
187, 1.0525231073326324, 0.05102083881124372, 3.9999999999999996, 2
188, 1.0525231073326324, 0.05102083881124372, 3.9999999999999996, 2
189, 1.0525231073326324, 0.05102083881124372, 3.9999999999999996, 2
190, 1.0525231073326324, 0.05102083881124372, 3.9999999999999996, 2
191, 1.0525231073326324, 0.05102083881124372, 3.9999999999999996, 2
192, 1.0525231073326324, 0.05102083881124372, 3.9999999999999996, 2
193, 1.0525231073326324, 0.05102083881124372, 3.9999999999999996, 2
194, 1.0525231073326324, 0.05102083881124372, 3.9999999999999996, 2
195, 1.0525231073326324, 0.05102083881124372, 3.9999999999999996, 2
196, 1.0525231073326324, 0.05102083881124372, 3.9999999999999996, 2
197, 1.0525231073326324, 0.05102083881124372, 3.9999999999999996, 2
198, 1.0525231073326324, 0.05102083881124372, 3.9999999999999996, 2
199, 1.0525231073326324, 0.05102083881124372, 3.9999999999999996, 2
200, 1.0525231073326324, 0.05102083881124372, 3.9999999999999996, 2
201, 1.0525231073326324, 0.05102083881124372, 3.9999999999999996, 2
202, 1.0525231073326324, 0.05102083881124372, 3.9999999999999996, 2
203, 1.0525231073326324, 0.05102083881124372, 3.9999999999999996, 2
204, 1.0525231073326324, 0.05102083881124372, 3.9999999999999996, 2
205, 1.0525231073326324, 0.05102083881124372, 3.9999999999999996, 2
206, 1.0525231073326324, 0.05102083881124372, 3.9999999999999996, 2
207, 1.0525231073326324, 0.05102083881124372, 3.9999999999999996, 2
208, 1.0525231073326324, 0.05102083881124372, 3.9999999999999996, 2
209, 1.0525231073326324, 0.05102083881124372, 3.9999999999999996, 2
210, 1.0525231073326324, 0.05102083881124372, 3.9999999999999996, 2
211, 1.0525231073326324, 0.05102083881124372, 3.9999999999999996, 2
212, 1.0525231073326324, 0.05102083881124372, 3.9999999999999996, 2
213, 1.0525231073326324, 0.05102083881124372, 3.9999999999999996, 2
214, 1.0525231073326324, 0.05102083881124372, 3.9999999999999996, 2
215, 1.0525231073326324, 0.05102083881124372, 3.9999999999999996, 2
216, 1.0525231073326324, 0.05102083881124372, 3.9999999999999996, 2
217, 1.0525231073326324, 0.05102083881124372, 3.9999999999999996, 2
218, 1.0525231073326324, 0.05102083881124372, 3.9999999999999996, 2
219, 1.0525231073326324, 0.05102083881124372, 3.9999999999999996, 2
220, 1.0525231073326324, 0.05102083881124372, 3.9999999999999996, 2
221, 1.0525231073326324, 0.05102083881124372, 3.9999999999999996, 2
222, 1.0525231073326324, 0.05102083881124372, 3.9999999999999996, 2
223, 1.0525231073326324, 0.05102083881124372, 3.9999999999999996, 2
224, 1.0525231073326324, 0.05102083881124372, 3.9999999999999996, 2
225, 1.0525231073326324, 0.05102083881124372, 3.9999999999999996, 2
226, 1.0525231073326324, 0.05102083881124372, 3.9999999999999996, 2
227, 1.0525231073326324, 0.05102083881124372, 3.9999999999999996, 2
228, 1.0525231073326324, 0.05102083881124372, 3.9999999999999996, 2
229, 1.0525231073326324, 0.05102083881124372, 3.9999999999999996, 2
230, 1.0525231073326324, 0.05102083881124372, 3.9999999999999996, 2
231, 1.0525231073326324, 0.05102083881124372, 3.9999999999999996, 2
232, 1.0525231073326324, 0.05102083881124372, 3.9999999999999996, 2
233, 1.0525231073326324, 0.05102083881124372, 3.9999999999999996, 2
234, 1.0525231073326324, 0.05102083881124372, 3.9999999999999996, 2
235, 1.0525231073326324, 0.05102083881124372, 3.9999999999999996, 2
236, 1.0525231073326324, 0.05102083881124372, 3.9999999999999996, 2
237, 1.0525231073326324, 0.05102083881124372, 3.9999999999999996, 2
238, 1.0525231073326324, 0.05102083881124372, 3.9999999999999996, 2
239, 1.0525231073326324, 0.05102083881124372, 3.9999999999999996, 2
240, 1.0525231073326324, 0.05102083881124372, 3.9999999999999996, 2
241, 1.0525231073326324, 0.05102083881124372, 3.9999999999999996, 2
242, 1.0525231073326324, 0.05102083881124372, 3.9999999999999996, 2
243, 1.0525231073326324, 0.05102083881124372, 3.9999999999999996, 2
244, 1.0525231073326324, 0.05102083881124372, 3.9999999999999996, 2
245, 1.0525231073326324, 0.05102083881124372, 3.9999999999999996, 2
246, 1.0525231073326324, 0.05102083881124372, 3.9999999999999996, 2
247, 1.0525231073326324, 0.05102083881124372, 3.9999999999999996, 2
248, 1.0525231073326324, 0.05102083881124372, 3.9999999999999996, 2
249, 1.0525231073326324, 0.05102083881124372, 3.9999999999999996, 2
250, 1.0525231073326324, 0.05102083881124372, 3.9999999999999996, 2
251, 1.0525231073326324, 0.05102083881124372, 3.9999999999999996, 2
252, 1.0525231073326324, 0.05102083881124372, 3.9999999999999996, 2
253, 1.0525231073326324, 0.05102083881124372, 3.9999999999999996, 2
254, 1.0525231073326324, 0.05102083881124372, 3.9999999999999996, 2
255, 1.0525231073326324, 0.05102083881124372, 3.9999999999999996, 2
256, 1.0525231073326324, 0.05102083881124372, 3.9999999999999996, 2
257, 1.0525231073326324, 0.05102083881124372, 3.9999999999999996, 2
258, 1.0525231073326324, 0.05102083881124372, 3.9999999999999996, 2
259, 1.0525231073326324, 0.05102083881124372, 3.9999999999999996, 2
260, 1.0525231073326324, 0.05102083881124372, 3.9999999999999996, 2
261, 1.0525231073326324, 0.05102083881124372, 3.9999999999999996, 2
262, 1.0525231073326324, 0.05102083881124372, 3.9999999999999996, 2
263, 1.0525231073326324, 0.05102083881124372, 3.9999999999999996, 2
264, 1.0525231073326324, 0.05102083881124372, 3.9999999999999996, 2
265, 1.0525231073326324, 0.05102083881124372, 3.9999999999999996, 2
266, 1.0525231073326324, 0.05102083881124372, 3.9999999999999996, 2
267, 1.0525231073326324, 0.05102083881124372, 3.9999999999999996, 2
268, 1.0525231073326324, 0.05102083881124372, 3.9999999999999996, 2
269, 1.0525231073326324, 0.05102083881124372, 3.9999999999999996, 2
270, 1.0525231073326324, 0.05102083881124372, 3.9999999999999996, 2
271, 1.0525231073326324, 0.05102083881124372, 3.9999999999999996, 2
272, 1.0525231073326324, 0.05102083881124372, 3.9999999999999996, 2
273, 1.0525231073326324, 0.05102083881124372, 3.9999999999999996, 2
274, 1.0525231073326324, 0.05102083881124372, 3.9999999999999996, 2
275, 1.0525231073326324, 0.05102083881124372, 3.9999999999999996, 2
276, 1.0525231073326324, 0.05102083881124372, 3.9999999999999996, 2
277, 1.0525231073326324, 0.05102083881124372, 3.9999999999999996, 2
278, 1.0525231073326324, 0.05102083881124372, 3.9999999999999996, 2
279, 1.0525231073326324, 0.05102083881124372, 3.9999999999999996, 2
280, 1.0525231073326324, 0.05102083881124372, 3.9999999999999996, 2
281, 1.0525231073326324, 0.05102083881124372, 3.9999999999999996, 2
282, 1.0525231073326324, 0.05102083881124372, 3.9999999999999996, 2
283, 1.0525231073326324, 0.05102083881124372, 3.9999999999999996, 2
284, 1.0525231073326324, 0.05102083881124372, 3.9999999999999996, 2
285, 1.0525231073326324, 0.05102083881124372, 3.9999999999999996, 2
286, 1.0525231073326324, 0.05102083881124372, 3.9999999999999996, 2
287, 1.0525231073326324, 0.05102083881124372, 3.9999999999999996, 2
288, 1.0525231073326324, 0.05102083881124372, 3.9999999999999996, 2
289, 1.0525231073326324, 0.05102083881124372, 3.9999999999999996, 2
290, 1.0525231073326324, 0.05102083881124372, 3.9999999999999996, 2
291, 1.0525231073326324, 0.05102083881124372, 3.9999999999999996, 2
292, 1.0525231073326324, 0.05102083881124372, 3.9999999999999996, 2
293, 1.0525231073326324, 0.05102083881124372, 3.9999999999999996, 2
294, 1.0525231073326324, 0.05102083881124372, 3.9999999999999996, 2
295, 1.0525231073326324, 0.05102083881124372, 3.9999999999999996, 2
296, 1.0525231073326324, 0.05102083881124372, 3.9999999999999996, 2
297, 1.0525231073326324, 0.05102083881124372, 3.9999999999999996, 2
298, 1.0525231073326324, 0.05102083881124372, 3.9999999999999996, 2
299, 1.0525231073326324, 0.05102083881124372, 3.9999999999999996, 2
300, 1.0525231073326324, 0.05102083881124372, 3.9999999999999996, 2
301, 1.0525231073326324, 0.05102083881124372, 3.9999999999999996, 2
302, 1.0525231073326324, 0.05102083881124372, 3.9999999999999996, 2
303, 1.0525231073326324, 0.05102083881124372, 3.9999999999999996, 2
304, 1.0525231073326324, 0.05102083881124372, 3.9999999999999996, 2
305, 1.0525231073326324, 0.05102083881124372, 3.9999999999999996, 2
306, 1.0525231073326324, 0.05102083881124372, 3.9999999999999996, 2
307, 1.0525231073326324, 0.05102083881124372, 3.9999999999999996, 2
308, 1.0525231073326324, 0.05102083881124372, 3.9999999999999996, 2
309, 1.0525231073326324, 0.05102083881124372, 3.9999999999999996, 2
310, 1.0525231073326324, 0.05102083881124372, 3.9999999999999996, 2
311, 1.0525231073326324, 0.05102083881124372, 3.9999999999999996, 2
312, 1.0525231073326324, 0.05102083881124372, 3.9999999999999996, 2
313, 1.0525231073326324, 0.05102083881124372, 3.9999999999999996, 2
314, 1.0525231073326324, 0.05102083881124372, 3.9999999999999996, 2
315, 1.0525231073326324, 0.05102083881124372, 3.9999999999999996, 2
316, 1.0525231073326324, 0.05102083881124372, 3.9999999999999996, 2
317, 1.0525231073326324, 0.05102083881124372, 3.9999999999999996, 2
318, 1.0525231073326324, 0.05102083881124372, 3.9999999999999996, 2
319, 1.0525231073326324, 0.05102083881124372, 3.9999999999999996, 2
320, 1.0525231073326324, 0.05102083881124372, 3.9999999999999996, 2
321, 1.0525231073326324, 0.05102083881124372, 3.9999999999999996, 2
322, 1.0525231073326324, 0.05102083881124372, 3.9999999999999996, 2
323, 1.0525231073326324, 0.05102083881124372, 3.9999999999999996, 2
324, 1.0525231073326324, 0.05102083881124372, 3.9999999999999996, 2
325, 1.0525231073326324, 0.05102083881124372, 3.9999999999999996, 2
326, 1.0525231073326324, 0.05102083881124372, 3.9999999999999996, 2
327, 1.0525231073326324, 0.05102083881124372, 3.9999999999999996, 2
328, 1.0525231073326324, 0.05102083881124372, 3.9999999999999996, 2
329, 1.0525231073326324, 0.05102083881124372, 3.9999999999999996, 2
330, 1.0525231073326324, 0.05102083881124372, 3.9999999999999996, 2
331, 1.0525231073326324, 0.05102083881124372, 3.9999999999999996, 2
332, 1.0525231073326324, 0.05102083881124372, 3.9999999999999996, 2
333, 1.0525231073326324, 0.05102083881124372, 3.9999999999999996, 2
334, 1.0525231073326324, 0.05102083881124372, 3.9999999999999996, 2
335, 1.0525231073326324, 0.05102083881124372, 3.9999999999999996, 2
336, 1.0525231073326324, 0.05102083881124372, 3.9999999999999996, 2
337, 1.0525231073326324, 0.05102083881124372, 3.9999999999999996, 2
338, 1.0525231073326324, 0.05102083881124372, 3.9999999999999996, 2
339, 1.0525231073326324, 0.05102083881124372, 3.9999999999999996, 2
340, 1.0525231073326324, 0.05102083881124372, 3.9999999999999996, 2
341, 1.0525231073326324, 0.05102083881124372, 3.9999999999999996, 2
342, 1.0525231073326324, 0.05102083881124372, 3.9999999999999996, 2
343, 1.0525231073326324, 0.05102083881124372, 3.9999999999999996, 2
344, 1.0525231073326324, 0.05102083881124372, 3.9999999999999996, 2
345, 1.0525231073326324, 0.05102083881124372, 3.9999999999999996, 2
346, 1.0525231073326324, 0.05102083881124372, 3.9999999999999996, 2
347, 1.0525231073326324, 0.05102083881124372, 3.9999999999999996, 2
348, 1.0525231073326324, 0.05102083881124372, 3.9999999999999996, 2
349, 1.0525231073326324, 0.05102083881124372, 3.9999999999999996, 2
350, 1.0525231073326324, 0.05102083881124372, 3.9999999999999996, 2
351, 1.0525231073326324, 0.05102083881124372, 3.9999999999999996, 2
352, 1.0525231073326324, 0.05102083881124372, 3.9999999999999996, 2
353, 1.0525231073326324, 0.05102083881124372, 3.9999999999999996, 2
354, 1.0525231073326324, 0.05102083881124372, 3.9999999999999996, 2
355, 1.0525231073326324, 0.05102083881124372, 3.9999999999999996, 2
356, 1.0525231073326324, 0.05102083881124372, 3.9999999999999996, 2
357, 1.0525231073326324, 0.05102083881124372, 3.9999999999999996, 2
358, 1.0525231073326324, 0.05102083881124372, 3.9999999999999996, 2
359, 1.0525231073326324, 0.05102083881124372, 3.9999999999999996, 2
360, 1.0525231073326324, 0.05102083881124372, 3.9999999999999996, 2
361, 1.0525231073326324, 0.05102083881124372, 3.9999999999999996, 2
362, 1.0525231073326324, 0.05102083881124372, 3.9999999999999996, 2
363, 1.0525231073326324, 0.05102083881124372, 3.9999999999999996, 2
364, 1.0525231073326324, 0.05102083881124372, 3.9999999999999996, 2
365, 1.0525231073326324, 0.05102083881124372, 3.9999999999999996, 2
366, 1.0525231073326324, 0.05102083881124372, 3.9999999999999996, 2
367, 1.0525231073326324, 0.05102083881124372, 3.9999999999999996, 2
368, 1.0525231073326324, 0.05102083881124372, 3.9999999999999996, 2
369, 1.0525231073326324, 0.05102083881124372, 3.9999999999999996, 2
370, 1.0525231073326324, 0.05102083881124372, 3.9999999999999996, 2
371, 1.0525231073326324, 0.05102083881124372, 3.9999999999999996, 2
372, 1.0525231073326324, 0.05102083881124372, 3.9999999999999996, 2
373, 1.0525231073326324, 0.05102083881124372, 3.9999999999999996, 2
374, 1.0525231073326324, 0.05102083881124372, 3.9999999999999996, 2
375, 1.0525231073326324, 0.05102083881124372, 3.9999999999999996, 2
376, 1.0525231073326324, 0.05102083881124372, 3.9999999999999996, 2
377, 1.0525231073326324, 0.05102083881124372, 3.9999999999999996, 2
378, 1.0525231073326324, 0.05102083881124372, 3.9999999999999996, 2
379, 1.0525231073326324, 0.05102083881124372, 3.9999999999999996, 2
380, 1.0525231073326324, 0.05102083881124372, 3.9999999999999996, 2
381, 1.0525231073326324, 0.05102083881124372, 3.9999999999999996, 2
382, 1.0525231073326324, 0.05102083881124372, 3.9999999999999996, 2
383, 1.0525231073326324, 0.05102083881124372, 3.9999999999999996, 2
384, 1.0525231073326324, 0.05102083881124372, 3.9999999999999996, 2
385, 1.0525231073326324, 0.05102083881124372, 3.9999999999999996, 2
386, 1.0525231073326324, 0.05102083881124372, 3.9999999999999996, 2
387, 1.0525231073326324, 0.05102083881124372, 3.9999999999999996, 2
388, 1.0525231073326324, 0.05102083881124372, 3.9999999999999996, 2
389, 1.0525231073326324, 0.05102083881124372, 3.9999999999999996, 2
390, 1.0525231073326324, 0.05102083881124372, 3.9999999999999996, 2
391, 1.0525231073326324, 0.05102083881124372, 3.9999999999999996, 2
392, 1.0525231073326324, 0.05102083881124372, 3.9999999999999996, 2
393, 1.0525231073326324, 0.05102083881124372, 3.9999999999999996, 2
394, 1.0525231073326324, 0.05102083881124372, 3.9999999999999996, 2
395, 1.0525231073326324, 0.05102083881124372, 3.9999999999999996, 2
396, 1.0525231073326324, 0.05102083881124372, 3.9999999999999996, 2
397, 1.0525231073326324, 0.05102083881124372, 3.9999999999999996, 2
398, 1.0525231073326324, 0.05102083881124372, 3.9999999999999996, 2
399, 1.0525231073326324, 0.05102083881124372, 3.9999999999999996, 2
400, 1.0525231073326324, 0.05102083881124372, 3.9999999999999996, 2
401, 1.0525231073326324, 0.05102083881124372, 3.9999999999999996, 2
402, 1.0525231073326324, 0.05102083881124372, 3.9999999999999996, 2
403, 1.0525231073326324, 0.05102083881124372, 3.9999999999999996, 2
404, 1.0525231073326324, 0.05102083881124372, 3.9999999999999996, 2
405, 1.0525231073326324, 0.05102083881124372, 3.9999999999999996, 2
406, 1.0525231073326324, 0.05102083881124372, 3.9999999999999996, 2
407, 1.0525231073326324, 0.05102083881124372, 3.9999999999999996, 2
408, 1.0525231073326324, 0.05102083881124372, 3.9999999999999996, 2
409, 1.0525231073326324, 0.05102083881124372, 3.9999999999999996, 2
410, 1.0525231073326324, 0.05102083881124372, 3.9999999999999996, 2
411, 1.0525231073326324, 0.05102083881124372, 3.9999999999999996, 2
412, 1.0525231073326324, 0.05102083881124372, 3.9999999999999996, 2
413, 1.0525231073326324, 0.05102083881124372, 3.9999999999999996, 2
414, 1.0525231073326324, 0.05102083881124372, 3.9999999999999996, 2
415, 1.0525231073326324, 0.05102083881124372, 3.9999999999999996, 2
416, 1.0525231073326324, 0.05102083881124372, 3.9999999999999996, 2
417, 1.0525231073326324, 0.05102083881124372, 3.9999999999999996, 2
418, 1.0525231073326324, 0.05102083881124372, 3.9999999999999996, 2
419, 1.0525231073326324, 0.05102083881124372, 3.9999999999999996, 2
420, 1.0525231073326324, 0.05102083881124372, 3.9999999999999996, 2
421, 1.0525231073326324, 0.05102083881124372, 3.9999999999999996, 2
422, 1.0525231073326324, 0.05102083881124372, 3.9999999999999996, 2
423, 1.0525231073326324, 0.05102083881124372, 3.9999999999999996, 2
424, 1.0525231073326324, 0.05102083881124372, 3.9999999999999996, 2
425, 1.0525231073326324, 0.05102083881124372, 3.9999999999999996, 2
426, 1.0525231073326324, 0.05102083881124372, 3.9999999999999996, 2
427, 1.0525231073326324, 0.05102083881124372, 3.9999999999999996, 2
428, 1.0525231073326324, 0.05102083881124372, 3.9999999999999996, 2
429, 1.0525231073326324, 0.05102083881124372, 3.9999999999999996, 2
430, 1.0525231073326324, 0.05102083881124372, 3.9999999999999996, 2
431, 1.0525231073326324, 0.05102083881124372, 3.9999999999999996, 2
432, 1.0525231073326324, 0.05102083881124372, 3.9999999999999996, 2
433, 1.0525231073326324, 0.05102083881124372, 3.9999999999999996, 2
434, 1.0525231073326324, 0.05102083881124372, 3.9999999999999996, 2
435, 1.0525231073326324, 0.05102083881124372, 3.9999999999999996, 2
436, 1.0525231073326324, 0.05102083881124372, 3.9999999999999996, 2
437, 1.0525231073326324, 0.05102083881124372, 3.9999999999999996, 2
438, 1.0525231073326324, 0.05102083881124372, 3.9999999999999996, 2
439, 1.0525231073326324, 0.05102083881124372, 3.9999999999999996, 2
440, 1.0525231073326324, 0.05102083881124372, 3.9999999999999996, 2
441, 1.0525231073326324, 0.05102083881124372, 3.9999999999999996, 2
442, 1.0525231073326324, 0.05102083881124372, 3.9999999999999996, 2
443, 1.0525231073326324, 0.05102083881124372, 3.9999999999999996, 2
444, 1.0525231073326324, 0.05102083881124372, 3.9999999999999996, 2
445, 1.0525231073326324, 0.05102083881124372, 3.9999999999999996, 2
446, 1.0525231073326324, 0.05102083881124372, 3.9999999999999996, 2
447, 1.0525231073326324, 0.05102083881124372, 3.9999999999999996, 2
448, 1.0525231073326324, 0.05102083881124372, 3.9999999999999996, 2
449, 1.0525231073326324, 0.05102083881124372, 3.9999999999999996, 2
450, 1.0525231073326324, 0.05102083881124372, 3.9999999999999996, 2
451, 1.0525231073326324, 0.05102083881124372, 3.9999999999999996, 2
452, 1.0525231073326324, 0.05102083881124372, 3.9999999999999996, 2
453, 1.0525231073326324, 0.05102083881124372, 3.9999999999999996, 2
454, 1.0525231073326324, 0.05102083881124372, 3.9999999999999996, 2
455, 1.0525231073326324, 0.05102083881124372, 3.9999999999999996, 2
456, 1.0525231073326324, 0.05102083881124372, 3.9999999999999996, 2
457, 1.0525231073326324, 0.05102083881124372, 3.9999999999999996, 2
458, 1.0525231073326324, 0.05102083881124372, 3.9999999999999996, 2
459, 1.0525231073326324, 0.05102083881124372, 3.9999999999999996, 2
460, 1.0525231073326324, 0.05102083881124372, 3.9999999999999996, 2
461, 1.0525231073326324, 0.05102083881124372, 3.9999999999999996, 2
462, 1.0525231073326324, 0.05102083881124372, 3.9999999999999996, 2
463, 1.0525231073326324, 0.05102083881124372, 3.9999999999999996, 2
464, 1.0525231073326324, 0.05102083881124372, 3.9999999999999996, 2
465, 1.0525231073326324, 0.05102083881124372, 3.9999999999999996, 2
466, 1.0525231073326324, 0.05102083881124372, 3.9999999999999996, 2
467, 1.0525231073326324, 0.05102083881124372, 3.9999999999999996, 2
468, 1.0525231073326324, 0.05102083881124372, 3.9999999999999996, 2
469, 1.0525231073326324, 0.05102083881124372, 3.9999999999999996, 2
470, 1.0525231073326324, 0.05102083881124372, 3.9999999999999996, 2
471, 1.0525231073326324, 0.05102083881124372, 3.9999999999999996, 2
472, 1.0525231073326324, 0.05102083881124372, 3.9999999999999996, 2
473, 1.0525231073326324, 0.05102083881124372, 3.9999999999999996, 2
474, 1.0525231073326324, 0.05102083881124372, 3.9999999999999996, 2
475, 1.0525231073326324, 0.05102083881124372, 3.9999999999999996, 2
476, 1.0525231073326324, 0.05102083881124372, 3.9999999999999996, 2
477, 1.0525231073326324, 0.05102083881124372, 3.9999999999999996, 2
478, 1.0525231073326324, 0.05102083881124372, 3.9999999999999996, 2
479, 1.0525231073326324, 0.05102083881124372, 3.9999999999999996, 2
480, 1.0525231073326324, 0.05102083881124372, 3.9999999999999996, 2
481, 1.0525231073326324, 0.05102083881124372, 3.9999999999999996, 2
482, 1.0525231073326324, 0.05102083881124372, 3.9999999999999996, 2
483, 1.0525231073326324, 0.05102083881124372, 3.9999999999999996, 2
484, 1.0525231073326324, 0.05102083881124372, 3.9999999999999996, 2
485, 1.0525231073326324, 0.05102083881124372, 3.9999999999999996, 2
486, 1.0525231073326324, 0.05102083881124372, 3.9999999999999996, 2
487, 1.0525231073326324, 0.05102083881124372, 3.9999999999999996, 2
488, 1.0525231073326324, 0.05102083881124372, 3.9999999999999996, 2
489, 1.0525231073326324, 0.05102083881124372, 3.9999999999999996, 2
490, 1.0525231073326324, 0.05102083881124372, 3.9999999999999996, 2
491, 1.0525231073326324, 0.05102083881124372, 3.9999999999999996, 2
492, 1.0525231073326324, 0.05102083881124372, 3.9999999999999996, 2
493, 1.0525231073326324, 0.05102083881124372, 3.9999999999999996, 2
494, 1.0525231073326324, 0.05102083881124372, 3.9999999999999996, 2
495, 1.0525231073326324, 0.05102083881124372, 3.9999999999999996, 2
496, 1.0525231073326324, 0.05102083881124372, 3.9999999999999996, 2
497, 1.0525231073326324, 0.05102083881124372, 3.9999999999999996, 2
498, 1.0525231073326324, 0.05102083881124372, 3.9999999999999996, 2
499, 1.0525231073326324, 0.05102083881124372, 3.9999999999999996, 2
500, 1.0525231073326324, 0.05102083881124372, 3.9999999999999996, 2
501, 1.0525231073326324, 0.05102083881124372, 3.9999999999999996, 2
