evals, mean, best, worst, success num
1, 3.5741450353982454, 3.2590045221931216, 3.892957670775744, 0
2, 3.5741450353982454, 3.2590045221931216, 3.892957670775744, 0
3, 3.175939822308775, 2.6353996139775226, 3.719872118243311, 0
4, 3.175939822308775, 2.6353996139775226, 3.719872118243311, 0
5, 3.175939822308775, 2.6353996139775226, 3.719872118243311, 0
6, 2.4789762876960544, 1.15606775526262, 3.6176702644973586, 0
7, 2.4789762876960544, 1.15606775526262, 3.6176702644973586, 0
8, 2.4789762876960544, 1.15606775526262, 3.6176702644973586, 0
9, 2.0406422578983756, 0.05599029166083171, 3.9999999999999996, 1
10, 1.3117673316948735, 0.03654423413632382, 2.68464913503243, 2
11, 1.3117673316948735, 0.03654423413632382, 2.68464913503243, 2
12, 1.3117673316948735, 0.03654423413632382, 2.68464913503243, 2
13, 1.3117673316948735, 0.03654423413632382, 2.68464913503243, 2
14, 1.3117673316948735, 0.03654423413632382, 2.68464913503243, 2
15, 1.3117673316948735, 0.03654423413632382, 2.68464913503243, 2
16, 1.3117673316948735, 0.03654423413632382, 2.68464913503243, 2
17, 1.3117673316948735, 0.03654423413632382, 2.68464913503243, 2
18, 1.3117673316948735, 0.03654423413632382, 2.68464913503243, 2
19, 1.3117673316948735, 0.03654423413632382, 2.68464913503243, 2
20, 1.3117673316948735, 0.03654423413632382, 2.68464913503243, 2
21, 1.3117673316948735, 0.03654423413632382, 2.68464913503243, 2
22, 1.3117673316948735, 0.03654423413632382, 2.68464913503243, 2
23, 1.3117673316948735, 0.03654423413632382, 2.68464913503243, 2
24, 1.3117673316948735, 0.03654423413632382, 2.68464913503243, 2
25, 1.3117673316948735, 0.03654423413632382, 2.68464913503243, 2
26, 1.3117673316948735, 0.03654423413632382, 2.68464913503243, 2
27, 1.3117673316948735, 0.03654423413632382, 2.68464913503243, 2
28, 1.3117673316948735, 0.03654423413632382, 2.68464913503243, 2
29, 1.3117673316948735, 0.03654423413632382, 2.68464913503243, 2
30, 1.3117673316948735, 0.03654423413632382, 2.68464913503243, 2
31, 1.3117673316948735, 0.03654423413632382, 2.68464913503243, 2
32, 1.191321748760719, 0.21302483922685575, 3.9999999999999996, 0
33, 1.191321748760719, 0.21302483922685575, 3.9999999999999996, 0
34, 1.191321748760719, 0.21302483922685575, 3.9999999999999996, 0
35, 1.191321748760719, 0.21302483922685575, 3.9999999999999996, 0
36, 1.191321748760719, 0.21302483922685575, 3.9999999999999996, 0
37, 1.191321748760719, 0.21302483922685575, 3.9999999999999996, 0
38, 1.191321748760719, 0.21302483922685575, 3.9999999999999996, 0
39, 1.191321748760719, 0.21302483922685575, 3.9999999999999996, 0
40, 1.191321748760719, 0.21302483922685575, 3.9999999999999996, 0
41, 1.191321748760719, 0.21302483922685575, 3.9999999999999996, 0
42, 1.191321748760719, 0.21302483922685575, 3.9999999999999996, 0
43, 1.191321748760719, 0.21302483922685575, 3.9999999999999996, 0
44, 1.191321748760719, 0.21302483922685575, 3.9999999999999996, 0
45, 1.191321748760719, 0.21302483922685575, 3.9999999999999996, 0
46, 1.191321748760719, 0.21302483922685575, 3.9999999999999996, 0
47, 1.191321748760719, 0.21302483922685575, 3.9999999999999996, 0
48, 1.191321748760719, 0.21302483922685575, 3.9999999999999996, 0
49, 1.191321748760719, 0.21302483922685575, 3.9999999999999996, 0
50, 1.191321748760719, 0.21302483922685575, 3.9999999999999996, 0
51, 1.191321748760719, 0.21302483922685575, 3.9999999999999996, 0
52, 1.191321748760719, 0.21302483922685575, 3.9999999999999996, 0
53, 1.191321748760719, 0.21302483922685575, 3.9999999999999996, 0
54, 1.191321748760719, 0.21302483922685575, 3.9999999999999996, 0
55, 1.191321748760719, 0.21302483922685575, 3.9999999999999996, 0
56, 1.191321748760719, 0.21302483922685575, 3.9999999999999996, 0
57, 1.191321748760719, 0.21302483922685575, 3.9999999999999996, 0
58, 1.191321748760719, 0.21302483922685575, 3.9999999999999996, 0
59, 1.191321748760719, 0.21302483922685575, 3.9999999999999996, 0
60, 1.191321748760719, 0.21302483922685575, 3.9999999999999996, 0
61, 1.191321748760719, 0.21302483922685575, 3.9999999999999996, 0
62, 1.191321748760719, 0.21302483922685575, 3.9999999999999996, 0
63, 1.191321748760719, 0.21302483922685575, 3.9999999999999996, 0
64, 1.191321748760719, 0.21302483922685575, 3.9999999999999996, 0
65, 1.191321748760719, 0.21302483922685575, 3.9999999999999996, 0
66, 1.191321748760719, 0.21302483922685575, 3.9999999999999996, 0
67, 1.191321748760719, 0.21302483922685575, 3.9999999999999996, 0
68, 1.191321748760719, 0.21302483922685575, 3.9999999999999996, 0
69, 1.191321748760719, 0.21302483922685575, 3.9999999999999996, 0
70, 1.191321748760719, 0.21302483922685575, 3.9999999999999996, 0
71, 1.191321748760719, 0.21302483922685575, 3.9999999999999996, 0
72, 1.191321748760719, 0.21302483922685575, 3.9999999999999996, 0
73, 1.191321748760719, 0.21302483922685575, 3.9999999999999996, 0
74, 1.191321748760719, 0.21302483922685575, 3.9999999999999996, 0
75, 1.191321748760719, 0.21302483922685575, 3.9999999999999996, 0
76, 1.191321748760719, 0.21302483922685575, 3.9999999999999996, 0
77, 1.191321748760719, 0.21302483922685575, 3.9999999999999996, 0
78, 1.191321748760719, 0.21302483922685575, 3.9999999999999996, 0
79, 1.191321748760719, 0.21302483922685575, 3.9999999999999996, 0
80, 1.191321748760719, 0.21302483922685575, 3.9999999999999996, 0
81, 1.191321748760719, 0.21302483922685575, 3.9999999999999996, 0
82, 1.1299938286002844, 0.09557228828997906, 3.9999999999999996, 0
83, 1.1299938286002844, 0.09557228828997906, 3.9999999999999996, 0
84, 1.1299938286002844, 0.09557228828997906, 3.9999999999999996, 0
85, 1.1299938286002844, 0.09557228828997906, 3.9999999999999996, 0
86, 1.1299938286002844, 0.09557228828997906, 3.9999999999999996, 0
87, 1.1299938286002844, 0.09557228828997906, 3.9999999999999996, 0
88, 1.1299938286002844, 0.09557228828997906, 3.9999999999999996, 0
89, 1.1299938286002844, 0.09557228828997906, 3.9999999999999996, 0
90, 1.1299938286002844, 0.09557228828997906, 3.9999999999999996, 0
91, 1.1299938286002844, 0.09557228828997906, 3.9999999999999996, 0
92, 1.1299938286002844, 0.09557228828997906, 3.9999999999999996, 0
93, 1.1299938286002844, 0.09557228828997906, 3.9999999999999996, 0
94, 1.1299938286002844, 0.09557228828997906, 3.9999999999999996, 0
95, 1.1299938286002844, 0.09557228828997906, 3.9999999999999996, 0
96, 1.1299938286002844, 0.09557228828997906, 3.9999999999999996, 0
97, 1.1299938286002844, 0.09557228828997906, 3.9999999999999996, 0
98, 1.1299938286002844, 0.09557228828997906, 3.9999999999999996, 0
99, 1.1299938286002844, 0.09557228828997906, 3.9999999999999996, 0
100, 1.1299938286002844, 0.09557228828997906, 3.9999999999999996, 0
101, 1.1299938286002844, 0.09557228828997906, 3.9999999999999996, 0
102, 1.1299938286002844, 0.09557228828997906, 3.9999999999999996, 0
103, 1.1299938286002844, 0.09557228828997906, 3.9999999999999996, 0
104, 1.1299938286002844, 0.09557228828997906, 3.9999999999999996, 0
105, 1.1299938286002844, 0.09557228828997906, 3.9999999999999996, 0
106, 1.1299938286002844, 0.09557228828997906, 3.9999999999999996, 0
107, 1.1299938286002844, 0.09557228828997906, 3.9999999999999996, 0
108, 1.1299938286002844, 0.09557228828997906, 3.9999999999999996, 0
109, 1.1299938286002844, 0.09557228828997906, 3.9999999999999996, 0
110, 1.1299938286002844, 0.09557228828997906, 3.9999999999999996, 0
111, 1.1299938286002844, 0.09557228828997906, 3.9999999999999996, 0
112, 1.1299938286002844, 0.09557228828997906, 3.9999999999999996, 0
113, 1.1299938286002844, 0.09557228828997906, 3.9999999999999996, 0
114, 1.1299938286002844, 0.09557228828997906, 3.9999999999999996, 0
115, 1.1299938286002844, 0.09557228828997906, 3.9999999999999996, 0
116, 1.1299938286002844, 0.09557228828997906, 3.9999999999999996, 0
117, 1.1299938286002844, 0.09557228828997906, 3.9999999999999996, 0
118, 1.1299938286002844, 0.09557228828997906, 3.9999999999999996, 0
119, 1.1299938286002844, 0.09557228828997906, 3.9999999999999996, 0
120, 1.1299938286002844, 0.09557228828997906, 3.9999999999999996, 0
121, 1.1299938286002844, 0.09557228828997906, 3.9999999999999996, 0
122, 1.1299938286002844, 0.09557228828997906, 3.9999999999999996, 0
123, 1.1299938286002844, 0.09557228828997906, 3.9999999999999996, 0
124, 1.1299938286002844, 0.09557228828997906, 3.9999999999999996, 0
125, 1.1299938286002844, 0.09557228828997906, 3.9999999999999996, 0
126, 1.1299938286002844, 0.09557228828997906, 3.9999999999999996, 0
127, 1.1299938286002844, 0.09557228828997906, 3.9999999999999996, 0
128, 1.1299938286002844, 0.09557228828997906, 3.9999999999999996, 0
129, 1.1299938286002844, 0.09557228828997906, 3.9999999999999996, 0
130, 1.1299938286002844, 0.09557228828997906, 3.9999999999999996, 0
131, 1.1299938286002844, 0.09557228828997906, 3.9999999999999996, 0
132, 1.1299938286002844, 0.09557228828997906, 3.9999999999999996, 0
133, 1.1299938286002844, 0.09557228828997906, 3.9999999999999996, 0
134, 1.1299938286002844, 0.09557228828997906, 3.9999999999999996, 0
135, 1.1299938286002844, 0.09557228828997906, 3.9999999999999996, 0
136, 1.1299938286002844, 0.09557228828997906, 3.9999999999999996, 0
137, 1.1299938286002844, 0.09557228828997906, 3.9999999999999996, 0
138, 1.1299938286002844, 0.09557228828997906, 3.9999999999999996, 0
139, 1.1299938286002844, 0.09557228828997906, 3.9999999999999996, 0
140, 1.1299938286002844, 0.09557228828997906, 3.9999999999999996, 0
141, 1.1299938286002844, 0.09557228828997906, 3.9999999999999996, 0
142, 1.1299938286002844, 0.09557228828997906, 3.9999999999999996, 0
143, 1.1299938286002844, 0.09557228828997906, 3.9999999999999996, 0
144, 1.1299938286002844, 0.09557228828997906, 3.9999999999999996, 0
145, 1.1299938286002844, 0.09557228828997906, 3.9999999999999996, 0
146, 1.1299938286002844, 0.09557228828997906, 3.9999999999999996, 0
147, 1.1299938286002844, 0.09557228828997906, 3.9999999999999996, 0
148, 1.1299938286002844, 0.09557228828997906, 3.9999999999999996, 0
149, 1.1299938286002844, 0.09557228828997906, 3.9999999999999996, 0
150, 1.1299938286002844, 0.09557228828997906, 3.9999999999999996, 0
151, 1.1299938286002844, 0.09557228828997906, 3.9999999999999996, 0
152, 1.1299938286002844, 0.09557228828997906, 3.9999999999999996, 0
153, 1.1299938286002844, 0.09557228828997906, 3.9999999999999996, 0
154, 1.1299938286002844, 0.09557228828997906, 3.9999999999999996, 0
155, 1.1299938286002844, 0.09557228828997906, 3.9999999999999996, 0
156, 1.1299938286002844, 0.09557228828997906, 3.9999999999999996, 0
157, 1.1299938286002844, 0.09557228828997906, 3.9999999999999996, 0
158, 1.1299938286002844, 0.09557228828997906, 3.9999999999999996, 0
159, 1.1299938286002844, 0.09557228828997906, 3.9999999999999996, 0
160, 1.1299938286002844, 0.09557228828997906, 3.9999999999999996, 0
161, 1.1299938286002844, 0.09557228828997906, 3.9999999999999996, 0
162, 1.1299938286002844, 0.09557228828997906, 3.9999999999999996, 0
163, 1.1299938286002844, 0.09557228828997906, 3.9999999999999996, 0
164, 1.1299938286002844, 0.09557228828997906, 3.9999999999999996, 0
165, 1.1299938286002844, 0.09557228828997906, 3.9999999999999996, 0
166, 1.1299938286002844, 0.09557228828997906, 3.9999999999999996, 0
167, 1.1299938286002844, 0.09557228828997906, 3.9999999999999996, 0
168, 1.1299938286002844, 0.09557228828997906, 3.9999999999999996, 0
169, 1.1299938286002844, 0.09557228828997906, 3.9999999999999996, 0
170, 1.1299938286002844, 0.09557228828997906, 3.9999999999999996, 0
171, 1.1299938286002844, 0.09557228828997906, 3.9999999999999996, 0
172, 1.1299938286002844, 0.09557228828997906, 3.9999999999999996, 0
173, 1.1299938286002844, 0.09557228828997906, 3.9999999999999996, 0
174, 1.1299938286002844, 0.09557228828997906, 3.9999999999999996, 0
175, 1.1299938286002844, 0.09557228828997906, 3.9999999999999996, 0
176, 1.1299938286002844, 0.09557228828997906, 3.9999999999999996, 0
177, 1.1299938286002844, 0.09557228828997906, 3.9999999999999996, 0
178, 1.1299938286002844, 0.09557228828997906, 3.9999999999999996, 0
179, 1.1299938286002844, 0.09557228828997906, 3.9999999999999996, 0
180, 1.1299938286002844, 0.09557228828997906, 3.9999999999999996, 0
181, 1.1299938286002844, 0.09557228828997906, 3.9999999999999996, 0
182, 1.1299938286002844, 0.09557228828997906, 3.9999999999999996, 0
183, 1.1299938286002844, 0.09557228828997906, 3.9999999999999996, 0
184, 1.1299938286002844, 0.09557228828997906, 3.9999999999999996, 0
185, 1.1299938286002844, 0.09557228828997906, 3.9999999999999996, 0
186, 1.1299938286002844, 0.09557228828997906, 3.9999999999999996, 0
187, 1.1299938286002844, 0.09557228828997906, 3.9999999999999996, 0
188, 1.1299938286002844, 0.09557228828997906, 3.9999999999999996, 0
189, 1.1299938286002844, 0.09557228828997906, 3.9999999999999996, 0
190, 1.1299938286002844, 0.09557228828997906, 3.9999999999999996, 0
191, 1.1299938286002844, 0.09557228828997906, 3.9999999999999996, 0
192, 1.1299938286002844, 0.09557228828997906, 3.9999999999999996, 0
193, 1.1299938286002844, 0.09557228828997906, 3.9999999999999996, 0
194, 1.1299938286002844, 0.09557228828997906, 3.9999999999999996, 0
195, 1.1299938286002844, 0.09557228828997906, 3.9999999999999996, 0
196, 1.1299938286002844, 0.09557228828997906, 3.9999999999999996, 0
197, 1.1299938286002844, 0.09557228828997906, 3.9999999999999996, 0
198, 1.1299938286002844, 0.09557228828997906, 3.9999999999999996, 0
199, 1.1299938286002844, 0.09557228828997906, 3.9999999999999996, 0
200, 1.1299938286002844, 0.09557228828997906, 3.9999999999999996, 0
201, 1.1299938286002844, 0.09557228828997906, 3.9999999999999996, 0
202, 1.1299938286002844, 0.09557228828997906, 3.9999999999999996, 0
203, 1.1299938286002844, 0.09557228828997906, 3.9999999999999996, 0
204, 1.1299938286002844, 0.09557228828997906, 3.9999999999999996, 0
205, 1.1299938286002844, 0.09557228828997906, 3.9999999999999996, 0
206, 1.1299938286002844, 0.09557228828997906, 3.9999999999999996, 0
207, 1.1299938286002844, 0.09557228828997906, 3.9999999999999996, 0
208, 1.1299938286002844, 0.09557228828997906, 3.9999999999999996, 0
209, 1.1299938286002844, 0.09557228828997906, 3.9999999999999996, 0
210, 1.1299938286002844, 0.09557228828997906, 3.9999999999999996, 0
211, 1.1299938286002844, 0.09557228828997906, 3.9999999999999996, 0
212, 1.1299938286002844, 0.09557228828997906, 3.9999999999999996, 0
213, 1.1299938286002844, 0.09557228828997906, 3.9999999999999996, 0
214, 1.1299938286002844, 0.09557228828997906, 3.9999999999999996, 0
215, 1.1299938286002844, 0.09557228828997906, 3.9999999999999996, 0
216, 1.1299938286002844, 0.09557228828997906, 3.9999999999999996, 0
217, 1.1299938286002844, 0.09557228828997906, 3.9999999999999996, 0
218, 1.1299938286002844, 0.09557228828997906, 3.9999999999999996, 0
219, 1.1299938286002844, 0.09557228828997906, 3.9999999999999996, 0
220, 1.1299938286002844, 0.09557228828997906, 3.9999999999999996, 0
221, 1.1299938286002844, 0.09557228828997906, 3.9999999999999996, 0
222, 1.1299938286002844, 0.09557228828997906, 3.9999999999999996, 0
223, 1.1299938286002844, 0.09557228828997906, 3.9999999999999996, 0
224, 1.1299938286002844, 0.09557228828997906, 3.9999999999999996, 0
225, 1.1299938286002844, 0.09557228828997906, 3.9999999999999996, 0
226, 1.1299938286002844, 0.09557228828997906, 3.9999999999999996, 0
227, 1.1299938286002844, 0.09557228828997906, 3.9999999999999996, 0
228, 1.1299938286002844, 0.09557228828997906, 3.9999999999999996, 0
229, 1.1299938286002844, 0.09557228828997906, 3.9999999999999996, 0
230, 1.1299938286002844, 0.09557228828997906, 3.9999999999999996, 0
231, 1.1299938286002844, 0.09557228828997906, 3.9999999999999996, 0
232, 1.1299938286002844, 0.09557228828997906, 3.9999999999999996, 0
233, 1.1299938286002844, 0.09557228828997906, 3.9999999999999996, 0
234, 1.1299938286002844, 0.09557228828997906, 3.9999999999999996, 0
235, 1.1299938286002844, 0.09557228828997906, 3.9999999999999996, 0
236, 1.1299938286002844, 0.09557228828997906, 3.9999999999999996, 0
237, 1.1299938286002844, 0.09557228828997906, 3.9999999999999996, 0
238, 1.096780247892237, 0.09085686513753932, 3.9999999999999996, 0
239, 1.096780247892237, 0.09085686513753932, 3.9999999999999996, 0
240, 1.096780247892237, 0.09085686513753932, 3.9999999999999996, 0
241, 1.096780247892237, 0.09085686513753932, 3.9999999999999996, 0
242, 1.096780247892237, 0.09085686513753932, 3.9999999999999996, 0
243, 1.096780247892237, 0.09085686513753932, 3.9999999999999996, 0
244, 1.096780247892237, 0.09085686513753932, 3.9999999999999996, 0
245, 1.096780247892237, 0.09085686513753932, 3.9999999999999996, 0
246, 1.096780247892237, 0.09085686513753932, 3.9999999999999996, 0
247, 1.096780247892237, 0.09085686513753932, 3.9999999999999996, 0
248, 1.096780247892237, 0.09085686513753932, 3.9999999999999996, 0
249, 1.096780247892237, 0.09085686513753932, 3.9999999999999996, 0
250, 1.096780247892237, 0.09085686513753932, 3.9999999999999996, 0
251, 1.096780247892237, 0.09085686513753932, 3.9999999999999996, 0
252, 1.096780247892237, 0.09085686513753932, 3.9999999999999996, 0
253, 1.096780247892237, 0.09085686513753932, 3.9999999999999996, 0
254, 1.096780247892237, 0.09085686513753932, 3.9999999999999996, 0
255, 1.096780247892237, 0.09085686513753932, 3.9999999999999996, 0
256, 1.096780247892237, 0.09085686513753932, 3.9999999999999996, 0
257, 1.096780247892237, 0.09085686513753932, 3.9999999999999996, 0
258, 1.096780247892237, 0.09085686513753932, 3.9999999999999996, 0
259, 1.096780247892237, 0.09085686513753932, 3.9999999999999996, 0
260, 1.096780247892237, 0.09085686513753932, 3.9999999999999996, 0
261, 1.096780247892237, 0.09085686513753932, 3.9999999999999996, 0
262, 1.096780247892237, 0.09085686513753932, 3.9999999999999996, 0
263, 1.096780247892237, 0.09085686513753932, 3.9999999999999996, 0
264, 1.096780247892237, 0.09085686513753932, 3.9999999999999996, 0
265, 1.096780247892237, 0.09085686513753932, 3.9999999999999996, 0
266, 1.096780247892237, 0.09085686513753932, 3.9999999999999996, 0
267, 1.096780247892237, 0.09085686513753932, 3.9999999999999996, 0
268, 1.096780247892237, 0.09085686513753932, 3.9999999999999996, 0
269, 1.096780247892237, 0.09085686513753932, 3.9999999999999996, 0
270, 1.096780247892237, 0.09085686513753932, 3.9999999999999996, 0
271, 1.096780247892237, 0.09085686513753932, 3.9999999999999996, 0
272, 1.096780247892237, 0.09085686513753932, 3.9999999999999996, 0
273, 1.096780247892237, 0.09085686513753932, 3.9999999999999996, 0
274, 1.096780247892237, 0.09085686513753932, 3.9999999999999996, 0
275, 1.096780247892237, 0.09085686513753932, 3.9999999999999996, 0
276, 1.096780247892237, 0.09085686513753932, 3.9999999999999996, 0
277, 1.0330885070046023, 0.02463036570376611, 3.9999999999999996, 3
278, 1.0330885070046023, 0.02463036570376611, 3.9999999999999996, 3
279, 1.0330885070046023, 0.02463036570376611, 3.9999999999999996, 3
280, 1.0330885070046023, 0.02463036570376611, 3.9999999999999996, 3
281, 1.0330885070046023, 0.02463036570376611, 3.9999999999999996, 3
282, 1.0330885070046023, 0.02463036570376611, 3.9999999999999996, 3
283, 1.0330885070046023, 0.02463036570376611, 3.9999999999999996, 3
284, 1.0330885070046023, 0.02463036570376611, 3.9999999999999996, 3
285, 1.0330885070046023, 0.02463036570376611, 3.9999999999999996, 3
286, 1.0330885070046023, 0.02463036570376611, 3.9999999999999996, 3
287, 1.0330885070046023, 0.02463036570376611, 3.9999999999999996, 3
288, 1.0330885070046023, 0.02463036570376611, 3.9999999999999996, 3
289, 1.0330885070046023, 0.02463036570376611, 3.9999999999999996, 3
290, 1.0330885070046023, 0.02463036570376611, 3.9999999999999996, 3
291, 1.0330885070046023, 0.02463036570376611, 3.9999999999999996, 3
292, 1.0330885070046023, 0.02463036570376611, 3.9999999999999996, 3
293, 1.0330885070046023, 0.02463036570376611, 3.9999999999999996, 3
294, 1.0330885070046023, 0.02463036570376611, 3.9999999999999996, 3
295, 1.0330885070046023, 0.02463036570376611, 3.9999999999999996, 3
296, 1.0330885070046023, 0.02463036570376611, 3.9999999999999996, 3
297, 1.0330885070046023, 0.02463036570376611, 3.9999999999999996, 3
298, 1.0330885070046023, 0.02463036570376611, 3.9999999999999996, 3
299, 1.0330885070046023, 0.02463036570376611, 3.9999999999999996, 3
300, 1.0330885070046023, 0.02463036570376611, 3.9999999999999996, 3
301, 1.0330885070046023, 0.02463036570376611, 3.9999999999999996, 3
302, 1.0330885070046023, 0.02463036570376611, 3.9999999999999996, 3
303, 1.0330885070046023, 0.02463036570376611, 3.9999999999999996, 3
304, 1.0330885070046023, 0.02463036570376611, 3.9999999999999996, 3
305, 1.0330885070046023, 0.02463036570376611, 3.9999999999999996, 3
306, 1.0330885070046023, 0.02463036570376611, 3.9999999999999996, 3
307, 1.0330885070046023, 0.02463036570376611, 3.9999999999999996, 3
308, 1.0330885070046023, 0.02463036570376611, 3.9999999999999996, 3
309, 1.0330885070046023, 0.02463036570376611, 3.9999999999999996, 3
310, 1.0330885070046023, 0.02463036570376611, 3.9999999999999996, 3
311, 1.0330885070046023, 0.02463036570376611, 3.9999999999999996, 3
312, 1.0330885070046023, 0.02463036570376611, 3.9999999999999996, 3
313, 1.0330885070046023, 0.02463036570376611, 3.9999999999999996, 3
314, 1.0330885070046023, 0.02463036570376611, 3.9999999999999996, 3
315, 1.0330885070046023, 0.02463036570376611, 3.9999999999999996, 3
316, 1.0330885070046023, 0.02463036570376611, 3.9999999999999996, 3
317, 1.0330885070046023, 0.02463036570376611, 3.9999999999999996, 3
318, 1.0330885070046023, 0.02463036570376611, 3.9999999999999996, 3
319, 1.0330885070046023, 0.02463036570376611, 3.9999999999999996, 3
320, 1.0330885070046023, 0.02463036570376611, 3.9999999999999996, 3
321, 1.0330885070046023, 0.02463036570376611, 3.9999999999999996, 3
322, 1.0330885070046023, 0.02463036570376611, 3.9999999999999996, 3
323, 1.0330885070046023, 0.02463036570376611, 3.9999999999999996, 3
324, 1.0330885070046023, 0.02463036570376611, 3.9999999999999996, 3
325, 1.0330885070046023, 0.02463036570376611, 3.9999999999999996, 3
326, 1.0330885070046023, 0.02463036570376611, 3.9999999999999996, 3
327, 1.0330885070046023, 0.02463036570376611, 3.9999999999999996, 3
328, 1.0330885070046023, 0.02463036570376611, 3.9999999999999996, 3
329, 1.0330885070046023, 0.02463036570376611, 3.9999999999999996, 3
330, 1.0330885070046023, 0.02463036570376611, 3.9999999999999996, 3
331, 1.0330885070046023, 0.02463036570376611, 3.9999999999999996, 3
332, 1.0330885070046023, 0.02463036570376611, 3.9999999999999996, 3
333, 1.0330885070046023, 0.02463036570376611, 3.9999999999999996, 3
334, 1.0330885070046023, 0.02463036570376611, 3.9999999999999996, 3
335, 1.0330885070046023, 0.02463036570376611, 3.9999999999999996, 3
336, 1.0330885070046023, 0.02463036570376611, 3.9999999999999996, 3
337, 1.0330885070046023, 0.02463036570376611, 3.9999999999999996, 3
338, 1.0330885070046023, 0.02463036570376611, 3.9999999999999996, 3
339, 1.0330885070046023, 0.02463036570376611, 3.9999999999999996, 3
340, 1.0330885070046023, 0.02463036570376611, 3.9999999999999996, 3
341, 1.0330885070046023, 0.02463036570376611, 3.9999999999999996, 3
342, 1.0330885070046023, 0.02463036570376611, 3.9999999999999996, 3
343, 1.0330885070046023, 0.02463036570376611, 3.9999999999999996, 3
344, 1.0330885070046023, 0.02463036570376611, 3.9999999999999996, 3
345, 1.0330885070046023, 0.02463036570376611, 3.9999999999999996, 3
346, 1.0330885070046023, 0.02463036570376611, 3.9999999999999996, 3
347, 1.0330885070046023, 0.02463036570376611, 3.9999999999999996, 3
348, 1.0330885070046023, 0.02463036570376611, 3.9999999999999996, 3
349, 1.0330885070046023, 0.02463036570376611, 3.9999999999999996, 3
350, 1.0330885070046023, 0.02463036570376611, 3.9999999999999996, 3
351, 1.0330885070046023, 0.02463036570376611, 3.9999999999999996, 3
352, 1.0330885070046023, 0.02463036570376611, 3.9999999999999996, 3
353, 1.0330885070046023, 0.02463036570376611, 3.9999999999999996, 3
354, 1.0330885070046023, 0.02463036570376611, 3.9999999999999996, 3
355, 1.0330885070046023, 0.02463036570376611, 3.9999999999999996, 3
356, 1.0330885070046023, 0.02463036570376611, 3.9999999999999996, 3
357, 1.0330885070046023, 0.02463036570376611, 3.9999999999999996, 3
358, 1.0330885070046023, 0.02463036570376611, 3.9999999999999996, 3
359, 1.0330885070046023, 0.02463036570376611, 3.9999999999999996, 3
360, 1.0330885070046023, 0.02463036570376611, 3.9999999999999996, 3
361, 1.0330885070046023, 0.02463036570376611, 3.9999999999999996, 3
362, 1.0330885070046023, 0.02463036570376611, 3.9999999999999996, 3
363, 1.0330885070046023, 0.02463036570376611, 3.9999999999999996, 3
364, 1.0330885070046023, 0.02463036570376611, 3.9999999999999996, 3
365, 1.0330885070046023, 0.02463036570376611, 3.9999999999999996, 3
366, 1.0330885070046023, 0.02463036570376611, 3.9999999999999996, 3
367, 1.0330885070046023, 0.02463036570376611, 3.9999999999999996, 3
368, 1.0330885070046023, 0.02463036570376611, 3.9999999999999996, 3
369, 1.0330885070046023, 0.02463036570376611, 3.9999999999999996, 3
370, 1.0330885070046023, 0.02463036570376611, 3.9999999999999996, 3
371, 1.0330885070046023, 0.02463036570376611, 3.9999999999999996, 3
372, 1.0330885070046023, 0.02463036570376611, 3.9999999999999996, 3
373, 1.0330885070046023, 0.02463036570376611, 3.9999999999999996, 3
374, 1.0330885070046023, 0.02463036570376611, 3.9999999999999996, 3
375, 1.0330885070046023, 0.02463036570376611, 3.9999999999999996, 3
376, 1.0330885070046023, 0.02463036570376611, 3.9999999999999996, 3
377, 1.0330885070046023, 0.02463036570376611, 3.9999999999999996, 3
378, 1.0330885070046023, 0.02463036570376611, 3.9999999999999996, 3
379, 1.0330885070046023, 0.02463036570376611, 3.9999999999999996, 3
380, 1.0330885070046023, 0.02463036570376611, 3.9999999999999996, 3
381, 1.0330885070046023, 0.02463036570376611, 3.9999999999999996, 3
382, 1.0330885070046023, 0.02463036570376611, 3.9999999999999996, 3
383, 1.0330885070046023, 0.02463036570376611, 3.9999999999999996, 3
384, 1.0330885070046023, 0.02463036570376611, 3.9999999999999996, 3
385, 1.0330885070046023, 0.02463036570376611, 3.9999999999999996, 3
386, 1.0330885070046023, 0.02463036570376611, 3.9999999999999996, 3
387, 1.0330885070046023, 0.02463036570376611, 3.9999999999999996, 3
388, 1.0330885070046023, 0.02463036570376611, 3.9999999999999996, 3
389, 1.0330885070046023, 0.02463036570376611, 3.9999999999999996, 3
390, 1.0330885070046023, 0.02463036570376611, 3.9999999999999996, 3
391, 1.0330885070046023, 0.02463036570376611, 3.9999999999999996, 3
392, 1.0330885070046023, 0.02463036570376611, 3.9999999999999996, 3
393, 1.0330885070046023, 0.02463036570376611, 3.9999999999999996, 3
394, 1.0330885070046023, 0.02463036570376611, 3.9999999999999996, 3
395, 1.0330885070046023, 0.02463036570376611, 3.9999999999999996, 3
396, 1.0330885070046023, 0.02463036570376611, 3.9999999999999996, 3
397, 1.0330885070046023, 0.02463036570376611, 3.9999999999999996, 3
398, 1.0330885070046023, 0.02463036570376611, 3.9999999999999996, 3
399, 1.0330885070046023, 0.02463036570376611, 3.9999999999999996, 3
400, 1.0330885070046023, 0.02463036570376611, 3.9999999999999996, 3
401, 1.0330885070046023, 0.02463036570376611, 3.9999999999999996, 3
402, 1.0330885070046023, 0.02463036570376611, 3.9999999999999996, 3
403, 1.0330885070046023, 0.02463036570376611, 3.9999999999999996, 3
404, 1.0330885070046023, 0.02463036570376611, 3.9999999999999996, 3
405, 1.0330885070046023, 0.02463036570376611, 3.9999999999999996, 3
406, 1.0330885070046023, 0.02463036570376611, 3.9999999999999996, 3
407, 1.0330885070046023, 0.02463036570376611, 3.9999999999999996, 3
408, 1.0330885070046023, 0.02463036570376611, 3.9999999999999996, 3
409, 1.0330885070046023, 0.02463036570376611, 3.9999999999999996, 3
410, 1.0330885070046023, 0.02463036570376611, 3.9999999999999996, 3
411, 1.0330885070046023, 0.02463036570376611, 3.9999999999999996, 3
412, 1.0330885070046023, 0.02463036570376611, 3.9999999999999996, 3
413, 1.0330885070046023, 0.02463036570376611, 3.9999999999999996, 3
414, 1.0330885070046023, 0.02463036570376611, 3.9999999999999996, 3
415, 1.0330885070046023, 0.02463036570376611, 3.9999999999999996, 3
416, 1.0330885070046023, 0.02463036570376611, 3.9999999999999996, 3
417, 1.0330885070046023, 0.02463036570376611, 3.9999999999999996, 3
418, 1.0330885070046023, 0.02463036570376611, 3.9999999999999996, 3
419, 1.0330885070046023, 0.02463036570376611, 3.9999999999999996, 3
420, 1.0330885070046023, 0.02463036570376611, 3.9999999999999996, 3
421, 1.0330885070046023, 0.02463036570376611, 3.9999999999999996, 3
422, 1.0330885070046023, 0.02463036570376611, 3.9999999999999996, 3
423, 1.0330885070046023, 0.02463036570376611, 3.9999999999999996, 3
424, 1.0330885070046023, 0.02463036570376611, 3.9999999999999996, 3
425, 1.0330885070046023, 0.02463036570376611, 3.9999999999999996, 3
426, 1.0330885070046023, 0.02463036570376611, 3.9999999999999996, 3
427, 1.0330885070046023, 0.02463036570376611, 3.9999999999999996, 3
428, 1.0330885070046023, 0.02463036570376611, 3.9999999999999996, 3
429, 1.0330885070046023, 0.02463036570376611, 3.9999999999999996, 3
430, 1.0330885070046023, 0.02463036570376611, 3.9999999999999996, 3
431, 1.0330885070046023, 0.02463036570376611, 3.9999999999999996, 3
432, 1.0330885070046023, 0.02463036570376611, 3.9999999999999996, 3
433, 1.0330885070046023, 0.02463036570376611, 3.9999999999999996, 3
434, 1.0330885070046023, 0.02463036570376611, 3.9999999999999996, 3
435, 1.0330885070046023, 0.02463036570376611, 3.9999999999999996, 3
436, 1.0330885070046023, 0.02463036570376611, 3.9999999999999996, 3
437, 1.0330885070046023, 0.02463036570376611, 3.9999999999999996, 3
438, 1.0330885070046023, 0.02463036570376611, 3.9999999999999996, 3
439, 1.0330885070046023, 0.02463036570376611, 3.9999999999999996, 3
440, 1.0330885070046023, 0.02463036570376611, 3.9999999999999996, 3
441, 1.0330885070046023, 0.02463036570376611, 3.9999999999999996, 3
442, 1.0330885070046023, 0.02463036570376611, 3.9999999999999996, 3
443, 1.0330885070046023, 0.02463036570376611, 3.9999999999999996, 3
444, 1.0330885070046023, 0.02463036570376611, 3.9999999999999996, 3
445, 1.0330885070046023, 0.02463036570376611, 3.9999999999999996, 3
446, 1.0330885070046023, 0.02463036570376611, 3.9999999999999996, 3
447, 1.0330885070046023, 0.02463036570376611, 3.9999999999999996, 3
448, 1.0330885070046023, 0.02463036570376611, 3.9999999999999996, 3
449, 1.0330885070046023, 0.02463036570376611, 3.9999999999999996, 3
450, 1.0330885070046023, 0.02463036570376611, 3.9999999999999996, 3
451, 1.0330885070046023, 0.02463036570376611, 3.9999999999999996, 3
452, 1.0330885070046023, 0.02463036570376611, 3.9999999999999996, 3
453, 1.0330885070046023, 0.02463036570376611, 3.9999999999999996, 3
454, 1.0330885070046023, 0.02463036570376611, 3.9999999999999996, 3
455, 1.0330885070046023, 0.02463036570376611, 3.9999999999999996, 3
456, 1.0330885070046023, 0.02463036570376611, 3.9999999999999996, 3
457, 1.0330885070046023, 0.02463036570376611, 3.9999999999999996, 3
458, 1.0330885070046023, 0.02463036570376611, 3.9999999999999996, 3
459, 1.0330885070046023, 0.02463036570376611, 3.9999999999999996, 3
460, 1.0330885070046023, 0.02463036570376611, 3.9999999999999996, 3
461, 1.0330885070046023, 0.02463036570376611, 3.9999999999999996, 3
462, 1.0330885070046023, 0.02463036570376611, 3.9999999999999996, 3
463, 1.0330885070046023, 0.02463036570376611, 3.9999999999999996, 3
464, 1.0330885070046023, 0.02463036570376611, 3.9999999999999996, 3
465, 1.0330885070046023, 0.02463036570376611, 3.9999999999999996, 3
466, 1.0330885070046023, 0.02463036570376611, 3.9999999999999996, 3
467, 1.0330885070046023, 0.02463036570376611, 3.9999999999999996, 3
468, 1.0330885070046023, 0.02463036570376611, 3.9999999999999996, 3
469, 1.0330885070046023, 0.02463036570376611, 3.9999999999999996, 3
470, 1.0330885070046023, 0.02463036570376611, 3.9999999999999996, 3
471, 1.0330885070046023, 0.02463036570376611, 3.9999999999999996, 3
472, 1.0330885070046023, 0.02463036570376611, 3.9999999999999996, 3
473, 1.0330885070046023, 0.02463036570376611, 3.9999999999999996, 3
474, 1.0330885070046023, 0.02463036570376611, 3.9999999999999996, 3
475, 1.0330885070046023, 0.02463036570376611, 3.9999999999999996, 3
476, 1.0330885070046023, 0.02463036570376611, 3.9999999999999996, 3
477, 1.0330885070046023, 0.02463036570376611, 3.9999999999999996, 3
478, 1.0330885070046023, 0.02463036570376611, 3.9999999999999996, 3
479, 1.0330885070046023, 0.02463036570376611, 3.9999999999999996, 3
480, 1.0330885070046023, 0.02463036570376611, 3.9999999999999996, 3
481, 1.0330885070046023, 0.02463036570376611, 3.9999999999999996, 3
482, 1.0330885070046023, 0.02463036570376611, 3.9999999999999996, 3
483, 1.0330885070046023, 0.02463036570376611, 3.9999999999999996, 3
484, 1.0330885070046023, 0.02463036570376611, 3.9999999999999996, 3
485, 1.0330885070046023, 0.02463036570376611, 3.9999999999999996, 3
486, 1.0330885070046023, 0.02463036570376611, 3.9999999999999996, 3
487, 1.0330885070046023, 0.02463036570376611, 3.9999999999999996, 3
488, 1.0330885070046023, 0.02463036570376611, 3.9999999999999996, 3
489, 1.0330885070046023, 0.02463036570376611, 3.9999999999999996, 3
490, 1.0330885070046023, 0.02463036570376611, 3.9999999999999996, 3
491, 1.0330885070046023, 0.02463036570376611, 3.9999999999999996, 3
492, 1.0330885070046023, 0.02463036570376611, 3.9999999999999996, 3
493, 1.0330885070046023, 0.02463036570376611, 3.9999999999999996, 3
494, 1.0330885070046023, 0.02463036570376611, 3.9999999999999996, 3
495, 1.0330885070046023, 0.02463036570376611, 3.9999999999999996, 3
496, 1.0330885070046023, 0.02463036570376611, 3.9999999999999996, 3
497, 1.0330885070046023, 0.02463036570376611, 3.9999999999999996, 3
498, 1.0330885070046023, 0.02463036570376611, 3.9999999999999996, 3
499, 1.0330885070046023, 0.02463036570376611, 3.9999999999999996, 3
500, 1.0330885070046023, 0.02463036570376611, 3.9999999999999996, 3
501, 1.0330885070046023, 0.02463036570376611, 3.9999999999999996, 3
