evals, mean, best, worst, success num
1, 3.725901006407793, 3.5255177242588545, 3.9264013945511667, 0
2, 3.00239610671167, 2.2612379866063694, 3.736335038422662, 0
3, 2.2375577856517963, 0.718607929424458, 3.9999999999999996, 0
4, 2.2375577856517963, 0.718607929424458, 3.9999999999999996, 0
5, 2.2375577856517963, 0.718607929424458, 3.9999999999999996, 0
6, 2.2375577856517963, 0.718607929424458, 3.9999999999999996, 0
7, 2.2375577856517963, 0.718607929424458, 3.9999999999999996, 0
8, 2.2375577856517963, 0.718607929424458, 3.9999999999999996, 0
9, 2.2375577856517963, 0.718607929424458, 3.9999999999999996, 0
10, 2.2375577856517963, 0.718607929424458, 3.9999999999999996, 0
11, 2.2375577856517963, 0.718607929424458, 3.9999999999999996, 0
12, 2.2375577856517963, 0.718607929424458, 3.9999999999999996, 0
13, 2.2375577856517963, 0.718607929424458, 3.9999999999999996, 0
14, 2.2375577856517963, 0.718607929424458, 3.9999999999999996, 0
15, 2.2375577856517963, 0.718607929424458, 3.9999999999999996, 0
16, 2.2375577856517963, 0.718607929424458, 3.9999999999999996, 0
17, 2.2375577856517963, 0.718607929424458, 3.9999999999999996, 0
18, 2.2375577856517963, 0.718607929424458, 3.9999999999999996, 0
19, 2.2375577856517963, 0.718607929424458, 3.9999999999999996, 0
20, 2.2375577856517963, 0.718607929424458, 3.9999999999999996, 0
21, 2.2375577856517963, 0.718607929424458, 3.9999999999999996, 0
22, 2.2375577856517963, 0.718607929424458, 3.9999999999999996, 0
23, 2.2375577856517963, 0.718607929424458, 3.9999999999999996, 0
24, 2.2375577856517963, 0.718607929424458, 3.9999999999999996, 0
25, 2.2375577856517963, 0.718607929424458, 3.9999999999999996, 0
26, 2.0546399732204694, 0.3435169612379381, 3.9999999999999996, 0
27, 2.0546399732204694, 0.3435169612379381, 3.9999999999999996, 0
28, 2.0546399732204694, 0.3435169612379381, 3.9999999999999996, 0
29, 2.0546399732204694, 0.3435169612379381, 3.9999999999999996, 0
30, 2.0546399732204694, 0.3435169612379381, 3.9999999999999996, 0
31, 2.0546399732204694, 0.3435169612379381, 3.9999999999999996, 0
32, 2.0546399732204694, 0.3435169612379381, 3.9999999999999996, 0
33, 2.0546399732204694, 0.3435169612379381, 3.9999999999999996, 0
34, 2.0546399732204694, 0.3435169612379381, 3.9999999999999996, 0
35, 2.0546399732204694, 0.3435169612379381, 3.9999999999999996, 0
36, 1.905543537469444, 0.11628599554692517, 3.9999999999999996, 0
37, 1.905543537469444, 0.11628599554692517, 3.9999999999999996, 0
38, 1.905543537469444, 0.11628599554692517, 3.9999999999999996, 0
39, 1.905543537469444, 0.11628599554692517, 3.9999999999999996, 0
40, 1.905543537469444, 0.11628599554692517, 3.9999999999999996, 0
41, 1.905543537469444, 0.11628599554692517, 3.9999999999999996, 0
42, 1.905543537469444, 0.11628599554692517, 3.9999999999999996, 0
43, 1.905543537469444, 0.11628599554692517, 3.9999999999999996, 0
44, 1.905543537469444, 0.11628599554692517, 3.9999999999999996, 0
45, 1.905543537469444, 0.11628599554692517, 3.9999999999999996, 0
46, 1.905543537469444, 0.11628599554692517, 3.9999999999999996, 0
47, 1.905543537469444, 0.11628599554692517, 3.9999999999999996, 0
48, 1.905543537469444, 0.11628599554692517, 3.9999999999999996, 0
49, 1.905543537469444, 0.11628599554692517, 3.9999999999999996, 0
50, 1.905543537469444, 0.11628599554692517, 3.9999999999999996, 0
51, 1.905543537469444, 0.11628599554692517, 3.9999999999999996, 0
52, 1.905543537469444, 0.11628599554692517, 3.9999999999999996, 0
53, 1.905543537469444, 0.11628599554692517, 3.9999999999999996, 0
54, 1.905543537469444, 0.11628599554692517, 3.9999999999999996, 0
55, 1.905543537469444, 0.11628599554692517, 3.9999999999999996, 0
56, 1.905543537469444, 0.11628599554692517, 3.9999999999999996, 0
57, 1.905543537469444, 0.11628599554692517, 3.9999999999999996, 0
58, 1.905543537469444, 0.11628599554692517, 3.9999999999999996, 0
59, 1.905543537469444, 0.11628599554692517, 3.9999999999999996, 0
60, 1.905543537469444, 0.11628599554692517, 3.9999999999999996, 0
61, 1.905543537469444, 0.11628599554692517, 3.9999999999999996, 0
62, 1.905543537469444, 0.11628599554692517, 3.9999999999999996, 0
63, 1.905543537469444, 0.11628599554692517, 3.9999999999999996, 0
64, 1.905543537469444, 0.11628599554692517, 3.9999999999999996, 0
65, 1.905543537469444, 0.11628599554692517, 3.9999999999999996, 0
66, 1.905543537469444, 0.11628599554692517, 3.9999999999999996, 0
67, 1.905543537469444, 0.11628599554692517, 3.9999999999999996, 0
68, 1.905543537469444, 0.11628599554692517, 3.9999999999999996, 0
69, 1.905543537469444, 0.11628599554692517, 3.9999999999999996, 0
70, 1.905543537469444, 0.11628599554692517, 3.9999999999999996, 0
71, 1.905543537469444, 0.11628599554692517, 3.9999999999999996, 0
72, 1.905543537469444, 0.11628599554692517, 3.9999999999999996, 0
73, 1.905543537469444, 0.11628599554692517, 3.9999999999999996, 0
74, 1.905543537469444, 0.11628599554692517, 3.9999999999999996, 0
75, 1.905543537469444, 0.11628599554692517, 3.9999999999999996, 0
76, 1.905543537469444, 0.11628599554692517, 3.9999999999999996, 0
77, 1.905543537469444, 0.11628599554692517, 3.9999999999999996, 0
78, 1.905543537469444, 0.11628599554692517, 3.9999999999999996, 0
79, 1.905543537469444, 0.11628599554692517, 3.9999999999999996, 0
80, 1.905543537469444, 0.11628599554692517, 3.9999999999999996, 0
81, 1.905543537469444, 0.11628599554692517, 3.9999999999999996, 0
82, 1.905543537469444, 0.11628599554692517, 3.9999999999999996, 0
83, 1.905543537469444, 0.11628599554692517, 3.9999999999999996, 0
84, 1.905543537469444, 0.11628599554692517, 3.9999999999999996, 0
85, 1.905543537469444, 0.11628599554692517, 3.9999999999999996, 0
86, 1.905543537469444, 0.11628599554692517, 3.9999999999999996, 0
87, 1.905543537469444, 0.11628599554692517, 3.9999999999999996, 0
88, 1.905543537469444, 0.11628599554692517, 3.9999999999999996, 0
89, 1.905543537469444, 0.11628599554692517, 3.9999999999999996, 0
90, 1.905543537469444, 0.11628599554692517, 3.9999999999999996, 0
91, 1.905543537469444, 0.11628599554692517, 3.9999999999999996, 0
92, 1.905543537469444, 0.11628599554692517, 3.9999999999999996, 0
93, 1.905543537469444, 0.11628599554692517, 3.9999999999999996, 0
94, 1.905543537469444, 0.11628599554692517, 3.9999999999999996, 0
95, 1.905543537469444, 0.11628599554692517, 3.9999999999999996, 0
96, 1.905543537469444, 0.11628599554692517, 3.9999999999999996, 0
97, 1.905543537469444, 0.11628599554692517, 3.9999999999999996, 0
98, 1.905543537469444, 0.11628599554692517, 3.9999999999999996, 0
99, 1.905543537469444, 0.11628599554692517, 3.9999999999999996, 0
100, 1.905543537469444, 0.11628599554692517, 3.9999999999999996, 0
101, 1.905543537469444, 0.11628599554692517, 3.9999999999999996, 0
102, 1.905543537469444, 0.11628599554692517, 3.9999999999999996, 0
103, 1.905543537469444, 0.11628599554692517, 3.9999999999999996, 0
104, 1.905543537469444, 0.11628599554692517, 3.9999999999999996, 0
105, 1.905543537469444, 0.11628599554692517, 3.9999999999999996, 0
106, 1.905543537469444, 0.11628599554692517, 3.9999999999999996, 0
107, 1.905543537469444, 0.11628599554692517, 3.9999999999999996, 0
108, 1.905543537469444, 0.11628599554692517, 3.9999999999999996, 0
109, 1.905543537469444, 0.11628599554692517, 3.9999999999999996, 0
110, 1.905543537469444, 0.11628599554692517, 3.9999999999999996, 0
111, 1.905543537469444, 0.11628599554692517, 3.9999999999999996, 0
112, 1.905543537469444, 0.11628599554692517, 3.9999999999999996, 0
113, 1.905543537469444, 0.11628599554692517, 3.9999999999999996, 0
114, 1.905543537469444, 0.11628599554692517, 3.9999999999999996, 0
115, 1.905543537469444, 0.11628599554692517, 3.9999999999999996, 0
116, 1.905543537469444, 0.11628599554692517, 3.9999999999999996, 0
117, 1.905543537469444, 0.11628599554692517, 3.9999999999999996, 0
118, 1.905543537469444, 0.11628599554692517, 3.9999999999999996, 0
119, 1.905543537469444, 0.11628599554692517, 3.9999999999999996, 0
120, 1.905543537469444, 0.11628599554692517, 3.9999999999999996, 0
121, 1.905543537469444, 0.11628599554692517, 3.9999999999999996, 0
122, 1.905543537469444, 0.11628599554692517, 3.9999999999999996, 0
123, 1.905543537469444, 0.11628599554692517, 3.9999999999999996, 0
124, 1.905543537469444, 0.11628599554692517, 3.9999999999999996, 0
125, 1.905543537469444, 0.11628599554692517, 3.9999999999999996, 0
126, 1.905543537469444, 0.11628599554692517, 3.9999999999999996, 0
127, 1.905543537469444, 0.11628599554692517, 3.9999999999999996, 0
128, 1.905543537469444, 0.11628599554692517, 3.9999999999999996, 0
129, 1.905543537469444, 0.11628599554692517, 3.9999999999999996, 0
130, 1.905543537469444, 0.11628599554692517, 3.9999999999999996, 0
131, 1.905543537469444, 0.11628599554692517, 3.9999999999999996, 0
132, 1.905543537469444, 0.11628599554692517, 3.9999999999999996, 0
133, 1.905543537469444, 0.11628599554692517, 3.9999999999999996, 0
134, 1.905543537469444, 0.11628599554692517, 3.9999999999999996, 0
135, 1.905543537469444, 0.11628599554692517, 3.9999999999999996, 0
136, 1.905543537469444, 0.11628599554692517, 3.9999999999999996, 0
137, 1.905543537469444, 0.11628599554692517, 3.9999999999999996, 0
138, 1.905543537469444, 0.11628599554692517, 3.9999999999999996, 0
139, 1.905543537469444, 0.11628599554692517, 3.9999999999999996, 0
140, 1.905543537469444, 0.11628599554692517, 3.9999999999999996, 0
141, 1.905543537469444, 0.11628599554692517, 3.9999999999999996, 0
142, 1.905543537469444, 0.11628599554692517, 3.9999999999999996, 0
143, 1.905543537469444, 0.11628599554692517, 3.9999999999999996, 0
144, 1.905543537469444, 0.11628599554692517, 3.9999999999999996, 0
145, 1.905543537469444, 0.11628599554692517, 3.9999999999999996, 0
146, 1.905543537469444, 0.11628599554692517, 3.9999999999999996, 0
147, 1.905543537469444, 0.11628599554692517, 3.9999999999999996, 0
148, 1.905543537469444, 0.11628599554692517, 3.9999999999999996, 0
149, 1.905543537469444, 0.11628599554692517, 3.9999999999999996, 0
150, 1.905543537469444, 0.11628599554692517, 3.9999999999999996, 0
151, 1.905543537469444, 0.11628599554692517, 3.9999999999999996, 0
152, 1.905543537469444, 0.11628599554692517, 3.9999999999999996, 0
153, 1.905543537469444, 0.11628599554692517, 3.9999999999999996, 0
154, 1.905543537469444, 0.11628599554692517, 3.9999999999999996, 0
155, 1.905543537469444, 0.11628599554692517, 3.9999999999999996, 0
156, 1.905543537469444, 0.11628599554692517, 3.9999999999999996, 0
157, 1.905543537469444, 0.11628599554692517, 3.9999999999999996, 0
158, 1.905543537469444, 0.11628599554692517, 3.9999999999999996, 0
159, 1.905543537469444, 0.11628599554692517, 3.9999999999999996, 0
160, 1.905543537469444, 0.11628599554692517, 3.9999999999999996, 0
161, 1.905543537469444, 0.11628599554692517, 3.9999999999999996, 0
162, 1.905543537469444, 0.11628599554692517, 3.9999999999999996, 0
163, 1.905543537469444, 0.11628599554692517, 3.9999999999999996, 0
164, 1.890132502330181, 0.04832191289641408, 3.9999999999999996, 1
165, 1.890132502330181, 0.04832191289641408, 3.9999999999999996, 1
166, 1.890132502330181, 0.04832191289641408, 3.9999999999999996, 1
167, 1.890132502330181, 0.04832191289641408, 3.9999999999999996, 1
168, 1.890132502330181, 0.04832191289641408, 3.9999999999999996, 1
169, 1.890132502330181, 0.04832191289641408, 3.9999999999999996, 1
170, 1.890132502330181, 0.04832191289641408, 3.9999999999999996, 1
171, 1.890132502330181, 0.04832191289641408, 3.9999999999999996, 1
172, 1.890132502330181, 0.04832191289641408, 3.9999999999999996, 1
173, 1.890132502330181, 0.04832191289641408, 3.9999999999999996, 1
174, 1.890132502330181, 0.04832191289641408, 3.9999999999999996, 1
175, 1.890132502330181, 0.04832191289641408, 3.9999999999999996, 1
176, 1.890132502330181, 0.04832191289641408, 3.9999999999999996, 1
177, 1.890132502330181, 0.04832191289641408, 3.9999999999999996, 1
178, 1.890132502330181, 0.04832191289641408, 3.9999999999999996, 1
179, 1.890132502330181, 0.04832191289641408, 3.9999999999999996, 1
180, 1.890132502330181, 0.04832191289641408, 3.9999999999999996, 1
181, 1.890132502330181, 0.04832191289641408, 3.9999999999999996, 1
182, 1.890132502330181, 0.04832191289641408, 3.9999999999999996, 1
183, 1.890132502330181, 0.04832191289641408, 3.9999999999999996, 1
184, 1.890132502330181, 0.04832191289641408, 3.9999999999999996, 1
185, 1.890132502330181, 0.04832191289641408, 3.9999999999999996, 1
186, 1.890132502330181, 0.04832191289641408, 3.9999999999999996, 1
187, 1.890132502330181, 0.04832191289641408, 3.9999999999999996, 1
188, 1.890132502330181, 0.04832191289641408, 3.9999999999999996, 1
189, 1.890132502330181, 0.04832191289641408, 3.9999999999999996, 1
190, 1.890132502330181, 0.04832191289641408, 3.9999999999999996, 1
191, 1.890132502330181, 0.04832191289641408, 3.9999999999999996, 1
192, 1.890132502330181, 0.04832191289641408, 3.9999999999999996, 1
193, 1.890132502330181, 0.04832191289641408, 3.9999999999999996, 1
194, 1.890132502330181, 0.04832191289641408, 3.9999999999999996, 1
195, 1.890132502330181, 0.04832191289641408, 3.9999999999999996, 1
196, 1.890132502330181, 0.04832191289641408, 3.9999999999999996, 1
197, 1.890132502330181, 0.04832191289641408, 3.9999999999999996, 1
198, 1.890132502330181, 0.04832191289641408, 3.9999999999999996, 1
199, 1.890132502330181, 0.04832191289641408, 3.9999999999999996, 1
200, 1.890132502330181, 0.04832191289641408, 3.9999999999999996, 1
201, 1.890132502330181, 0.04832191289641408, 3.9999999999999996, 1
202, 1.890132502330181, 0.04832191289641408, 3.9999999999999996, 1
203, 1.890132502330181, 0.04832191289641408, 3.9999999999999996, 1
204, 1.890132502330181, 0.04832191289641408, 3.9999999999999996, 1
205, 1.890132502330181, 0.04832191289641408, 3.9999999999999996, 1
206, 1.890132502330181, 0.04832191289641408, 3.9999999999999996, 1
207, 1.890132502330181, 0.04832191289641408, 3.9999999999999996, 1
208, 1.890132502330181, 0.04832191289641408, 3.9999999999999996, 1
209, 1.890132502330181, 0.04832191289641408, 3.9999999999999996, 1
210, 1.890132502330181, 0.04832191289641408, 3.9999999999999996, 1
211, 1.890132502330181, 0.04832191289641408, 3.9999999999999996, 1
212, 1.890132502330181, 0.04832191289641408, 3.9999999999999996, 1
213, 1.890132502330181, 0.04832191289641408, 3.9999999999999996, 1
214, 1.890132502330181, 0.04832191289641408, 3.9999999999999996, 1
215, 1.890132502330181, 0.04832191289641408, 3.9999999999999996, 1
216, 1.890132502330181, 0.04832191289641408, 3.9999999999999996, 1
217, 1.890132502330181, 0.04832191289641408, 3.9999999999999996, 1
218, 1.890132502330181, 0.04832191289641408, 3.9999999999999996, 1
219, 1.890132502330181, 0.04832191289641408, 3.9999999999999996, 1
220, 1.890132502330181, 0.04832191289641408, 3.9999999999999996, 1
221, 1.890132502330181, 0.04832191289641408, 3.9999999999999996, 1
222, 1.890132502330181, 0.04832191289641408, 3.9999999999999996, 1
223, 1.890132502330181, 0.04832191289641408, 3.9999999999999996, 1
224, 1.890132502330181, 0.04832191289641408, 3.9999999999999996, 1
225, 1.890132502330181, 0.04832191289641408, 3.9999999999999996, 1
226, 1.890132502330181, 0.04832191289641408, 3.9999999999999996, 1
227, 1.890132502330181, 0.04832191289641408, 3.9999999999999996, 1
228, 1.890132502330181, 0.04832191289641408, 3.9999999999999996, 1
229, 1.890132502330181, 0.04832191289641408, 3.9999999999999996, 1
230, 1.890132502330181, 0.04832191289641408, 3.9999999999999996, 1
231, 1.890132502330181, 0.04832191289641408, 3.9999999999999996, 1
232, 1.890132502330181, 0.04832191289641408, 3.9999999999999996, 1
233, 1.890132502330181, 0.04832191289641408, 3.9999999999999996, 1
234, 1.890132502330181, 0.04832191289641408, 3.9999999999999996, 1
235, 1.890132502330181, 0.04832191289641408, 3.9999999999999996, 1
236, 1.890132502330181, 0.04832191289641408, 3.9999999999999996, 1
237, 1.890132502330181, 0.04832191289641408, 3.9999999999999996, 1
238, 1.890132502330181, 0.04832191289641408, 3.9999999999999996, 1
239, 1.890132502330181, 0.04832191289641408, 3.9999999999999996, 1
240, 1.890132502330181, 0.04832191289641408, 3.9999999999999996, 1
241, 1.890132502330181, 0.04832191289641408, 3.9999999999999996, 1
242, 1.8759899328507788, 0.041101537888534476, 3.9999999999999996, 1
243, 1.8759899328507788, 0.041101537888534476, 3.9999999999999996, 1
244, 1.8759899328507788, 0.041101537888534476, 3.9999999999999996, 1
245, 1.8759899328507788, 0.041101537888534476, 3.9999999999999996, 1
246, 1.8759899328507788, 0.041101537888534476, 3.9999999999999996, 1
247, 1.8759899328507788, 0.041101537888534476, 3.9999999999999996, 1
248, 1.8759899328507788, 0.041101537888534476, 3.9999999999999996, 1
249, 1.8759899328507788, 0.041101537888534476, 3.9999999999999996, 1
250, 1.8759899328507788, 0.041101537888534476, 3.9999999999999996, 1
251, 1.8759899328507788, 0.041101537888534476, 3.9999999999999996, 1
252, 1.8759899328507788, 0.041101537888534476, 3.9999999999999996, 1
253, 1.8759899328507788, 0.041101537888534476, 3.9999999999999996, 1
254, 1.8759899328507788, 0.041101537888534476, 3.9999999999999996, 1
255, 1.8759899328507788, 0.041101537888534476, 3.9999999999999996, 1
256, 1.8759899328507788, 0.041101537888534476, 3.9999999999999996, 1
257, 1.8759899328507788, 0.041101537888534476, 3.9999999999999996, 1
258, 1.8759899328507788, 0.041101537888534476, 3.9999999999999996, 1
259, 1.8759899328507788, 0.041101537888534476, 3.9999999999999996, 1
260, 1.8759899328507788, 0.041101537888534476, 3.9999999999999996, 1
261, 1.8759899328507788, 0.041101537888534476, 3.9999999999999996, 1
262, 1.8759899328507788, 0.041101537888534476, 3.9999999999999996, 1
263, 1.8759899328507788, 0.041101537888534476, 3.9999999999999996, 1
264, 1.8759899328507788, 0.041101537888534476, 3.9999999999999996, 1
265, 1.8759899328507788, 0.041101537888534476, 3.9999999999999996, 1
266, 1.8759899328507788, 0.041101537888534476, 3.9999999999999996, 1
267, 1.8759899328507788, 0.041101537888534476, 3.9999999999999996, 1
268, 1.8759899328507788, 0.041101537888534476, 3.9999999999999996, 1
269, 1.8759899328507788, 0.041101537888534476, 3.9999999999999996, 1
270, 1.8759899328507788, 0.041101537888534476, 3.9999999999999996, 1
271, 1.8759899328507788, 0.041101537888534476, 3.9999999999999996, 1
272, 1.8759899328507788, 0.041101537888534476, 3.9999999999999996, 1
273, 1.8759899328507788, 0.041101537888534476, 3.9999999999999996, 1
274, 1.8759899328507788, 0.041101537888534476, 3.9999999999999996, 1
275, 1.8759899328507788, 0.041101537888534476, 3.9999999999999996, 1
276, 1.8759899328507788, 0.041101537888534476, 3.9999999999999996, 1
277, 1.8759899328507788, 0.041101537888534476, 3.9999999999999996, 1
278, 1.8759899328507788, 0.041101537888534476, 3.9999999999999996, 1
279, 1.8759899328507788, 0.041101537888534476, 3.9999999999999996, 1
280, 1.8759899328507788, 0.041101537888534476, 3.9999999999999996, 1
281, 1.8759899328507788, 0.041101537888534476, 3.9999999999999996, 1
282, 1.8759899328507788, 0.041101537888534476, 3.9999999999999996, 1
283, 1.8759899328507788, 0.041101537888534476, 3.9999999999999996, 1
284, 1.8759899328507788, 0.041101537888534476, 3.9999999999999996, 1
285, 1.8759899328507788, 0.041101537888534476, 3.9999999999999996, 1
286, 1.8759899328507788, 0.041101537888534476, 3.9999999999999996, 1
287, 1.8759899328507788, 0.041101537888534476, 3.9999999999999996, 1
288, 1.8759899328507788, 0.041101537888534476, 3.9999999999999996, 1
289, 1.8759899328507788, 0.041101537888534476, 3.9999999999999996, 1
290, 1.8759899328507788, 0.041101537888534476, 3.9999999999999996, 1
291, 1.8759899328507788, 0.041101537888534476, 3.9999999999999996, 1
292, 1.8759899328507788, 0.041101537888534476, 3.9999999999999996, 1
293, 1.8556140400991057, 0.014329164879208824, 3.9999999999999996, 2
294, 1.8556140400991057, 0.014329164879208824, 3.9999999999999996, 2
295, 1.8556140400991057, 0.014329164879208824, 3.9999999999999996, 2
296, 1.8556140400991057, 0.014329164879208824, 3.9999999999999996, 2
297, 1.8556140400991057, 0.014329164879208824, 3.9999999999999996, 2
298, 1.8556140400991057, 0.014329164879208824, 3.9999999999999996, 2
299, 1.8556140400991057, 0.014329164879208824, 3.9999999999999996, 2
300, 1.8556140400991057, 0.014329164879208824, 3.9999999999999996, 2
301, 1.8556140400991057, 0.014329164879208824, 3.9999999999999996, 2
302, 1.8556140400991057, 0.014329164879208824, 3.9999999999999996, 2
303, 1.8556140400991057, 0.014329164879208824, 3.9999999999999996, 2
304, 1.8556140400991057, 0.014329164879208824, 3.9999999999999996, 2
305, 1.8556140400991057, 0.014329164879208824, 3.9999999999999996, 2
306, 1.8556140400991057, 0.014329164879208824, 3.9999999999999996, 2
307, 1.8556140400991057, 0.014329164879208824, 3.9999999999999996, 2
308, 1.8556140400991057, 0.014329164879208824, 3.9999999999999996, 2
309, 1.8556140400991057, 0.014329164879208824, 3.9999999999999996, 2
310, 1.8556140400991057, 0.014329164879208824, 3.9999999999999996, 2
311, 1.8556140400991057, 0.014329164879208824, 3.9999999999999996, 2
312, 1.8556140400991057, 0.014329164879208824, 3.9999999999999996, 2
313, 1.8556140400991057, 0.014329164879208824, 3.9999999999999996, 2
314, 1.8556140400991057, 0.014329164879208824, 3.9999999999999996, 2
315, 1.8556140400991057, 0.014329164879208824, 3.9999999999999996, 2
316, 1.8556140400991057, 0.014329164879208824, 3.9999999999999996, 2
317, 1.8556140400991057, 0.014329164879208824, 3.9999999999999996, 2
318, 1.8556140400991057, 0.014329164879208824, 3.9999999999999996, 2
319, 1.8556140400991057, 0.014329164879208824, 3.9999999999999996, 2
320, 1.8556140400991057, 0.014329164879208824, 3.9999999999999996, 2
321, 1.8556140400991057, 0.014329164879208824, 3.9999999999999996, 2
322, 1.8556140400991057, 0.014329164879208824, 3.9999999999999996, 2
323, 1.8556140400991057, 0.014329164879208824, 3.9999999999999996, 2
324, 1.8556140400991057, 0.014329164879208824, 3.9999999999999996, 2
325, 1.8556140400991057, 0.014329164879208824, 3.9999999999999996, 2
326, 1.8556140400991057, 0.014329164879208824, 3.9999999999999996, 2
327, 1.8556140400991057, 0.014329164879208824, 3.9999999999999996, 2
328, 1.8556140400991057, 0.014329164879208824, 3.9999999999999996, 2
329, 1.8556140400991057, 0.014329164879208824, 3.9999999999999996, 2
330, 1.8556140400991057, 0.014329164879208824, 3.9999999999999996, 2
331, 1.8556140400991057, 0.014329164879208824, 3.9999999999999996, 2
332, 1.8556140400991057, 0.014329164879208824, 3.9999999999999996, 2
333, 1.8556140400991057, 0.014329164879208824, 3.9999999999999996, 2
334, 1.8556140400991057, 0.014329164879208824, 3.9999999999999996, 2
335, 1.8556140400991057, 0.014329164879208824, 3.9999999999999996, 2
336, 1.8556140400991057, 0.014329164879208824, 3.9999999999999996, 2
337, 1.8556140400991057, 0.014329164879208824, 3.9999999999999996, 2
338, 1.8556140400991057, 0.014329164879208824, 3.9999999999999996, 2
339, 1.8556140400991057, 0.014329164879208824, 3.9999999999999996, 2
340, 1.8556140400991057, 0.014329164879208824, 3.9999999999999996, 2
341, 1.8556140400991057, 0.014329164879208824, 3.9999999999999996, 2
342, 1.8556140400991057, 0.014329164879208824, 3.9999999999999996, 2
343, 1.8556140400991057, 0.014329164879208824, 3.9999999999999996, 2
344, 1.8556140400991057, 0.014329164879208824, 3.9999999999999996, 2
345, 1.8556140400991057, 0.014329164879208824, 3.9999999999999996, 2
346, 1.8556140400991057, 0.014329164879208824, 3.9999999999999996, 2
347, 1.8556140400991057, 0.014329164879208824, 3.9999999999999996, 2
348, 1.8556140400991057, 0.014329164879208824, 3.9999999999999996, 2
349, 1.8556140400991057, 0.014329164879208824, 3.9999999999999996, 2
350, 1.8556140400991057, 0.014329164879208824, 3.9999999999999996, 2
351, 1.8556140400991057, 0.014329164879208824, 3.9999999999999996, 2
352, 1.8556140400991057, 0.014329164879208824, 3.9999999999999996, 2
353, 1.8556140400991057, 0.014329164879208824, 3.9999999999999996, 2
354, 1.8556140400991057, 0.014329164879208824, 3.9999999999999996, 2
355, 1.8556140400991057, 0.014329164879208824, 3.9999999999999996, 2
356, 1.8556140400991057, 0.014329164879208824, 3.9999999999999996, 2
357, 1.8556140400991057, 0.014329164879208824, 3.9999999999999996, 2
358, 1.8556140400991057, 0.014329164879208824, 3.9999999999999996, 2
359, 1.8556140400991057, 0.014329164879208824, 3.9999999999999996, 2
360, 1.8556140400991057, 0.014329164879208824, 3.9999999999999996, 2
361, 1.8556140400991057, 0.014329164879208824, 3.9999999999999996, 2
362, 1.8556140400991057, 0.014329164879208824, 3.9999999999999996, 2
363, 1.8556140400991057, 0.014329164879208824, 3.9999999999999996, 2
364, 1.8556140400991057, 0.014329164879208824, 3.9999999999999996, 2
365, 1.8556140400991057, 0.014329164879208824, 3.9999999999999996, 2
366, 1.8556140400991057, 0.014329164879208824, 3.9999999999999996, 2
367, 1.8556140400991057, 0.014329164879208824, 3.9999999999999996, 2
368, 1.8556140400991057, 0.014329164879208824, 3.9999999999999996, 2
369, 1.8556140400991057, 0.014329164879208824, 3.9999999999999996, 2
370, 1.8556140400991057, 0.014329164879208824, 3.9999999999999996, 2
371, 1.8556140400991057, 0.014329164879208824, 3.9999999999999996, 2
372, 1.8556140400991057, 0.014329164879208824, 3.9999999999999996, 2
373, 1.8556140400991057, 0.014329164879208824, 3.9999999999999996, 2
374, 1.8556140400991057, 0.014329164879208824, 3.9999999999999996, 2
375, 1.8556140400991057, 0.014329164879208824, 3.9999999999999996, 2
376, 1.8556140400991057, 0.014329164879208824, 3.9999999999999996, 2
377, 1.8556140400991057, 0.014329164879208824, 3.9999999999999996, 2
378, 1.8556140400991057, 0.014329164879208824, 3.9999999999999996, 2
379, 1.8556140400991057, 0.014329164879208824, 3.9999999999999996, 2
380, 1.8556140400991057, 0.014329164879208824, 3.9999999999999996, 2
381, 1.8556140400991057, 0.014329164879208824, 3.9999999999999996, 2
382, 1.8556140400991057, 0.014329164879208824, 3.9999999999999996, 2
383, 1.8556140400991057, 0.014329164879208824, 3.9999999999999996, 2
384, 1.8556140400991057, 0.014329164879208824, 3.9999999999999996, 2
385, 1.8556140400991057, 0.014329164879208824, 3.9999999999999996, 2
386, 1.8556140400991057, 0.014329164879208824, 3.9999999999999996, 2
387, 1.8556140400991057, 0.014329164879208824, 3.9999999999999996, 2
388, 1.8556140400991057, 0.014329164879208824, 3.9999999999999996, 2
389, 1.8556140400991057, 0.014329164879208824, 3.9999999999999996, 2
390, 1.8556140400991057, 0.014329164879208824, 3.9999999999999996, 2
391, 1.8556140400991057, 0.014329164879208824, 3.9999999999999996, 2
392, 1.8556140400991057, 0.014329164879208824, 3.9999999999999996, 2
393, 1.8556140400991057, 0.014329164879208824, 3.9999999999999996, 2
394, 1.8556140400991057, 0.014329164879208824, 3.9999999999999996, 2
395, 1.8556140400991057, 0.014329164879208824, 3.9999999999999996, 2
396, 1.8556140400991057, 0.014329164879208824, 3.9999999999999996, 2
397, 1.8556140400991057, 0.014329164879208824, 3.9999999999999996, 2
398, 1.8556140400991057, 0.014329164879208824, 3.9999999999999996, 2
399, 1.8556140400991057, 0.014329164879208824, 3.9999999999999996, 2
400, 1.8556140400991057, 0.014329164879208824, 3.9999999999999996, 2
401, 1.8556140400991057, 0.014329164879208824, 3.9999999999999996, 2
402, 1.8556140400991057, 0.014329164879208824, 3.9999999999999996, 2
403, 1.8556140400991057, 0.014329164879208824, 3.9999999999999996, 2
404, 1.8556140400991057, 0.014329164879208824, 3.9999999999999996, 2
405, 1.8556140400991057, 0.014329164879208824, 3.9999999999999996, 2
406, 1.8556140400991057, 0.014329164879208824, 3.9999999999999996, 2
407, 1.8556140400991057, 0.014329164879208824, 3.9999999999999996, 2
408, 1.8556140400991057, 0.014329164879208824, 3.9999999999999996, 2
409, 1.8556140400991057, 0.014329164879208824, 3.9999999999999996, 2
410, 1.8556140400991057, 0.014329164879208824, 3.9999999999999996, 2
411, 1.8556140400991057, 0.014329164879208824, 3.9999999999999996, 2
412, 1.8556140400991057, 0.014329164879208824, 3.9999999999999996, 2
413, 1.8556140400991057, 0.014329164879208824, 3.9999999999999996, 2
414, 1.8556140400991057, 0.014329164879208824, 3.9999999999999996, 2
415, 1.8556140400991057, 0.014329164879208824, 3.9999999999999996, 2
416, 1.8556140400991057, 0.014329164879208824, 3.9999999999999996, 2
417, 1.8556140400991057, 0.014329164879208824, 3.9999999999999996, 2
418, 1.8556140400991057, 0.014329164879208824, 3.9999999999999996, 2
419, 1.8556140400991057, 0.014329164879208824, 3.9999999999999996, 2
420, 1.8556140400991057, 0.014329164879208824, 3.9999999999999996, 2
421, 1.8556140400991057, 0.014329164879208824, 3.9999999999999996, 2
422, 1.8556140400991057, 0.014329164879208824, 3.9999999999999996, 2
423, 1.8556140400991057, 0.014329164879208824, 3.9999999999999996, 2
424, 1.8556140400991057, 0.014329164879208824, 3.9999999999999996, 2
425, 1.8556140400991057, 0.014329164879208824, 3.9999999999999996, 2
426, 1.8556140400991057, 0.014329164879208824, 3.9999999999999996, 2
427, 1.8556140400991057, 0.014329164879208824, 3.9999999999999996, 2
428, 1.8556140400991057, 0.014329164879208824, 3.9999999999999996, 2
429, 1.8556140400991057, 0.014329164879208824, 3.9999999999999996, 2
430, 1.8556140400991057, 0.014329164879208824, 3.9999999999999996, 2
431, 1.8556140400991057, 0.014329164879208824, 3.9999999999999996, 2
432, 1.8556140400991057, 0.014329164879208824, 3.9999999999999996, 2
433, 1.8556140400991057, 0.014329164879208824, 3.9999999999999996, 2
434, 1.8556140400991057, 0.014329164879208824, 3.9999999999999996, 2
435, 1.8556140400991057, 0.014329164879208824, 3.9999999999999996, 2
436, 1.8556140400991057, 0.014329164879208824, 3.9999999999999996, 2
437, 1.8556140400991057, 0.014329164879208824, 3.9999999999999996, 2
438, 1.8556140400991057, 0.014329164879208824, 3.9999999999999996, 2
439, 1.8556140400991057, 0.014329164879208824, 3.9999999999999996, 2
440, 1.8556140400991057, 0.014329164879208824, 3.9999999999999996, 2
441, 1.8556140400991057, 0.014329164879208824, 3.9999999999999996, 2
442, 1.8556140400991057, 0.014329164879208824, 3.9999999999999996, 2
443, 1.8556140400991057, 0.014329164879208824, 3.9999999999999996, 2
444, 1.8556140400991057, 0.014329164879208824, 3.9999999999999996, 2
445, 1.8556140400991057, 0.014329164879208824, 3.9999999999999996, 2
446, 1.8556140400991057, 0.014329164879208824, 3.9999999999999996, 2
447, 1.8556140400991057, 0.014329164879208824, 3.9999999999999996, 2
448, 1.8556140400991057, 0.014329164879208824, 3.9999999999999996, 2
449, 1.8556140400991057, 0.014329164879208824, 3.9999999999999996, 2
450, 1.8556140400991057, 0.014329164879208824, 3.9999999999999996, 2
451, 1.8487758218678407, 0.03481515659961973, 3.9999999999999996, 1
452, 1.8487758218678407, 0.03481515659961973, 3.9999999999999996, 1
453, 1.8487758218678407, 0.03481515659961973, 3.9999999999999996, 1
454, 1.8487758218678407, 0.03481515659961973, 3.9999999999999996, 1
455, 1.8487758218678407, 0.03481515659961973, 3.9999999999999996, 1
456, 1.8487758218678407, 0.03481515659961973, 3.9999999999999996, 1
457, 1.8487758218678407, 0.03481515659961973, 3.9999999999999996, 1
458, 1.8487758218678407, 0.03481515659961973, 3.9999999999999996, 1
459, 1.8487758218678407, 0.03481515659961973, 3.9999999999999996, 1
460, 1.8487758218678407, 0.03481515659961973, 3.9999999999999996, 1
461, 1.8487758218678407, 0.03481515659961973, 3.9999999999999996, 1
462, 1.8487758218678407, 0.03481515659961973, 3.9999999999999996, 1
463, 1.8487758218678407, 0.03481515659961973, 3.9999999999999996, 1
464, 1.8487758218678407, 0.03481515659961973, 3.9999999999999996, 1
465, 1.8487758218678407, 0.03481515659961973, 3.9999999999999996, 1
466, 1.8487758218678407, 0.03481515659961973, 3.9999999999999996, 1
467, 1.8487758218678407, 0.03481515659961973, 3.9999999999999996, 1
468, 1.8487758218678407, 0.03481515659961973, 3.9999999999999996, 1
469, 1.8487758218678407, 0.03481515659961973, 3.9999999999999996, 1
470, 1.8487758218678407, 0.03481515659961973, 3.9999999999999996, 1
471, 1.8487758218678407, 0.03481515659961973, 3.9999999999999996, 1
472, 1.8487758218678407, 0.03481515659961973, 3.9999999999999996, 1
473, 1.8487758218678407, 0.03481515659961973, 3.9999999999999996, 1
474, 1.8487758218678407, 0.03481515659961973, 3.9999999999999996, 1
475, 1.8487758218678407, 0.03481515659961973, 3.9999999999999996, 1
476, 1.8487758218678407, 0.03481515659961973, 3.9999999999999996, 1
477, 1.8487758218678407, 0.03481515659961973, 3.9999999999999996, 1
478, 1.8487758218678407, 0.03481515659961973, 3.9999999999999996, 1
479, 1.8487758218678407, 0.03481515659961973, 3.9999999999999996, 1
480, 1.8487758218678407, 0.03481515659961973, 3.9999999999999996, 1
481, 1.8487758218678407, 0.03481515659961973, 3.9999999999999996, 1
482, 1.8487758218678407, 0.03481515659961973, 3.9999999999999996, 1
483, 1.8487758218678407, 0.03481515659961973, 3.9999999999999996, 1
484, 1.8487758218678407, 0.03481515659961973, 3.9999999999999996, 1
485, 1.8487758218678407, 0.03481515659961973, 3.9999999999999996, 1
486, 1.8487758218678407, 0.03481515659961973, 3.9999999999999996, 1
487, 1.8487758218678407, 0.03481515659961973, 3.9999999999999996, 1
488, 1.8487758218678407, 0.03481515659961973, 3.9999999999999996, 1
489, 1.8487758218678407, 0.03481515659961973, 3.9999999999999996, 1
490, 1.8487758218678407, 0.03481515659961973, 3.9999999999999996, 1
491, 1.8487758218678407, 0.03481515659961973, 3.9999999999999996, 1
492, 1.8487758218678407, 0.03481515659961973, 3.9999999999999996, 1
493, 1.8487758218678407, 0.03481515659961973, 3.9999999999999996, 1
494, 1.8487758218678407, 0.03481515659961973, 3.9999999999999996, 1
495, 1.8487758218678407, 0.03481515659961973, 3.9999999999999996, 1
496, 1.8487758218678407, 0.03481515659961973, 3.9999999999999996, 1
497, 1.8487758218678407, 0.03481515659961973, 3.9999999999999996, 1
498, 1.8487758218678407, 0.03481515659961973, 3.9999999999999996, 1
499, 1.8487758218678407, 0.03481515659961973, 3.9999999999999996, 1
500, 1.8487758218678407, 0.03481515659961973, 3.9999999999999996, 1
501, 1.8487758218678407, 0.03481515659961973, 3.9999999999999996, 1
