evals, mean, best, worst, success num
1, 2.8634827364201265, 1.7076294735096151, 3.8629285305702634, 0
2, 2.8634827364201265, 1.7076294735096151, 3.8629285305702634, 0
3, 2.8634827364201265, 1.7076294735096151, 3.8629285305702634, 0
4, 2.8634827364201265, 1.7076294735096151, 3.8629285305702634, 0
5, 2.8634827364201265, 1.7076294735096151, 3.8629285305702634, 0
6, 2.8634827364201265, 1.7076294735096151, 3.8629285305702634, 0
7, 1.6769890593964771, 0.1618104077201339, 3.9999999999999996, 0
8, 1.585139682210858, 0.03800264030089937, 3.1592391258464803, 2
9, 1.585139682210858, 0.03800264030089937, 3.1592391258464803, 2
10, 1.585139682210858, 0.03800264030089937, 3.1592391258464803, 2
11, 1.585139682210858, 0.03800264030089937, 3.1592391258464803, 2
12, 1.585139682210858, 0.03800264030089937, 3.1592391258464803, 2
13, 1.585139682210858, 0.03800264030089937, 3.1592391258464803, 2
14, 1.585139682210858, 0.03800264030089937, 3.1592391258464803, 2
15, 1.585139682210858, 0.03800264030089937, 3.1592391258464803, 2
16, 1.585139682210858, 0.03800264030089937, 3.1592391258464803, 2
17, 1.585139682210858, 0.03800264030089937, 3.1592391258464803, 2
18, 1.2965097303838609, 0.3337731616687654, 3.9999999999999996, 0
19, 1.2965097303838609, 0.3337731616687654, 3.9999999999999996, 0
20, 0.08146766761441804, 0.03930971387405034, 0.12720970240682292, 1
21, 0.08146766761441804, 0.03930971387405034, 0.12720970240682292, 1
22, 0.08146766761441804, 0.03930971387405034, 0.12720970240682292, 1
23, 0.08146766761441804, 0.03930971387405034, 0.12720970240682292, 1
24, 0.08146766761441804, 0.03930971387405034, 0.12720970240682292, 1
25, 0.08146766761441804, 0.03930971387405034, 0.12720970240682292, 1
26, 0.08146766761441804, 0.03930971387405034, 0.12720970240682292, 1
27, 0.08146766761441804, 0.03930971387405034, 0.12720970240682292, 1
28, 0.08146766761441804, 0.03930971387405034, 0.12720970240682292, 1
29, 0.08146766761441804, 0.03930971387405034, 0.12720970240682292, 1
30, 0.08146766761441804, 0.03930971387405034, 0.12720970240682292, 1
31, 0.08146766761441804, 0.03930971387405034, 0.12720970240682292, 1
32, 0.08146766761441804, 0.03930971387405034, 0.12720970240682292, 1
33, 0.08146766761441804, 0.03930971387405034, 0.12720970240682292, 1
34, 0.08146766761441804, 0.03930971387405034, 0.12720970240682292, 1
35, 0.08146766761441804, 0.03930971387405034, 0.12720970240682292, 1
36, 0.08146766761441804, 0.03930971387405034, 0.12720970240682292, 1
37, 0.08146766761441804, 0.03930971387405034, 0.12720970240682292, 1
38, 0.08146766761441804, 0.03930971387405034, 0.12720970240682292, 1
39, 0.08146766761441804, 0.03930971387405034, 0.12720970240682292, 1
40, 0.08146766761441804, 0.03930971387405034, 0.12720970240682292, 1
41, 0.08146766761441804, 0.03930971387405034, 0.12720970240682292, 1
42, 0.08146766761441804, 0.03930971387405034, 0.12720970240682292, 1
43, 0.08146766761441804, 0.03930971387405034, 0.12720970240682292, 1
44, 0.08146766761441804, 0.03930971387405034, 0.12720970240682292, 1
45, 0.08146766761441804, 0.03930971387405034, 0.12720970240682292, 1
46, 0.08146766761441804, 0.03930971387405034, 0.12720970240682292, 1
47, 0.08146766761441804, 0.03930971387405034, 0.12720970240682292, 1
48, 0.08146766761441804, 0.03930971387405034, 0.12720970240682292, 1
49, 0.08146766761441804, 0.03930971387405034, 0.12720970240682292, 1
50, 0.08146766761441804, 0.03930971387405034, 0.12720970240682292, 1
51, 0.08146766761441804, 0.03930971387405034, 0.12720970240682292, 1
52, 0.08146766761441804, 0.03930971387405034, 0.12720970240682292, 1
53, 0.08146766761441804, 0.03930971387405034, 0.12720970240682292, 1
54, 0.08146766761441804, 0.03930971387405034, 0.12720970240682292, 1
55, 0.08146766761441804, 0.03930971387405034, 0.12720970240682292, 1
56, 0.08146766761441804, 0.03930971387405034, 0.12720970240682292, 1
57, 0.08146766761441804, 0.03930971387405034, 0.12720970240682292, 1
58, 0.08146766761441804, 0.03930971387405034, 0.12720970240682292, 1
59, 0.08146766761441804, 0.03930971387405034, 0.12720970240682292, 1
60, 0.08146766761441804, 0.03930971387405034, 0.12720970240682292, 1
61, 0.08146766761441804, 0.03930971387405034, 0.12720970240682292, 1
62, 0.08146766761441804, 0.03930971387405034, 0.12720970240682292, 1
63, 0.08146766761441804, 0.03930971387405034, 0.12720970240682292, 1
64, 0.08146766761441804, 0.03930971387405034, 0.12720970240682292, 1
65, 0.08146766761441804, 0.03930971387405034, 0.12720970240682292, 1
66, 0.08146766761441804, 0.03930971387405034, 0.12720970240682292, 1
67, 0.08146766761441804, 0.03930971387405034, 0.12720970240682292, 1
68, 0.08146766761441804, 0.03930971387405034, 0.12720970240682292, 1
69, 0.08146766761441804, 0.03930971387405034, 0.12720970240682292, 1
70, 0.08146766761441804, 0.03930971387405034, 0.12720970240682292, 1
71, 0.08146766761441804, 0.03930971387405034, 0.12720970240682292, 1
72, 0.08146766761441804, 0.03930971387405034, 0.12720970240682292, 1
73, 0.08146766761441804, 0.03930971387405034, 0.12720970240682292, 1
74, 0.08146766761441804, 0.03930971387405034, 0.12720970240682292, 1
75, 0.08146766761441804, 0.03930971387405034, 0.12720970240682292, 1
76, 0.08146766761441804, 0.03930971387405034, 0.12720970240682292, 1
77, 0.08146766761441804, 0.03930971387405034, 0.12720970240682292, 1
78, 0.08146766761441804, 0.03930971387405034, 0.12720970240682292, 1
79, 0.08146766761441804, 0.03930971387405034, 0.12720970240682292, 1
80, 0.08146766761441804, 0.03930971387405034, 0.12720970240682292, 1
81, 0.08146766761441804, 0.03930971387405034, 0.12720970240682292, 1
82, 0.08146766761441804, 0.03930971387405034, 0.12720970240682292, 1
83, 0.08146766761441804, 0.03930971387405034, 0.12720970240682292, 1
84, 0.08146766761441804, 0.03930971387405034, 0.12720970240682292, 1
85, 0.08146766761441804, 0.03930971387405034, 0.12720970240682292, 1
86, 0.08146766761441804, 0.03930971387405034, 0.12720970240682292, 1
87, 0.08146766761441804, 0.03930971387405034, 0.12720970240682292, 1
88, 0.08146766761441804, 0.03930971387405034, 0.12720970240682292, 1
89, 0.08146766761441804, 0.03930971387405034, 0.12720970240682292, 1
90, 0.08146766761441804, 0.03930971387405034, 0.12720970240682292, 1
91, 0.08146766761441804, 0.03930971387405034, 0.12720970240682292, 1
92, 0.08146766761441804, 0.03930971387405034, 0.12720970240682292, 1
93, 0.08146766761441804, 0.03930971387405034, 0.12720970240682292, 1
94, 0.08146766761441804, 0.03930971387405034, 0.12720970240682292, 1
95, 0.08146766761441804, 0.03930971387405034, 0.12720970240682292, 1
96, 0.08146766761441804, 0.03930971387405034, 0.12720970240682292, 1
97, 0.08146766761441804, 0.03930971387405034, 0.12720970240682292, 1
98, 0.08146766761441804, 0.03930971387405034, 0.12720970240682292, 1
99, 0.08146766761441804, 0.03930971387405034, 0.12720970240682292, 1
100, 0.08146766761441804, 0.03930971387405034, 0.12720970240682292, 1
101, 0.08146766761441804, 0.03930971387405034, 0.12720970240682292, 1
102, 0.08146766761441804, 0.03930971387405034, 0.12720970240682292, 1
103, 0.08146766761441804, 0.03930971387405034, 0.12720970240682292, 1
104, 0.08146766761441804, 0.03930971387405034, 0.12720970240682292, 1
105, 0.08146766761441804, 0.03930971387405034, 0.12720970240682292, 1
106, 0.08146766761441804, 0.03930971387405034, 0.12720970240682292, 1
107, 0.08146766761441804, 0.03930971387405034, 0.12720970240682292, 1
108, 0.08146766761441804, 0.03930971387405034, 0.12720970240682292, 1
109, 0.08146766761441804, 0.03930971387405034, 0.12720970240682292, 1
110, 0.08146766761441804, 0.03930971387405034, 0.12720970240682292, 1
111, 0.08146766761441804, 0.03930971387405034, 0.12720970240682292, 1
112, 0.08146766761441804, 0.03930971387405034, 0.12720970240682292, 1
113, 0.08146766761441804, 0.03930971387405034, 0.12720970240682292, 1
114, 0.08146766761441804, 0.03930971387405034, 0.12720970240682292, 1
115, 0.08146766761441804, 0.03930971387405034, 0.12720970240682292, 1
116, 0.08146766761441804, 0.03930971387405034, 0.12720970240682292, 1
117, 0.08146766761441804, 0.03930971387405034, 0.12720970240682292, 1
118, 0.08146766761441804, 0.03930971387405034, 0.12720970240682292, 1
119, 0.08146766761441804, 0.03930971387405034, 0.12720970240682292, 1
120, 0.08146766761441804, 0.03930971387405034, 0.12720970240682292, 1
121, 0.08146766761441804, 0.03930971387405034, 0.12720970240682292, 1
122, 0.08146766761441804, 0.03930971387405034, 0.12720970240682292, 1
123, 0.08146766761441804, 0.03930971387405034, 0.12720970240682292, 1
124, 0.08146766761441804, 0.03930971387405034, 0.12720970240682292, 1
125, 0.08146766761441804, 0.03930971387405034, 0.12720970240682292, 1
126, 0.08146766761441804, 0.03930971387405034, 0.12720970240682292, 1
127, 0.08146766761441804, 0.03930971387405034, 0.12720970240682292, 1
128, 0.08146766761441804, 0.03930971387405034, 0.12720970240682292, 1
129, 0.08146766761441804, 0.03930971387405034, 0.12720970240682292, 1
130, 0.08146766761441804, 0.03930971387405034, 0.12720970240682292, 1
131, 0.08146766761441804, 0.03930971387405034, 0.12720970240682292, 1
132, 0.08146766761441804, 0.03930971387405034, 0.12720970240682292, 1
133, 0.08146766761441804, 0.03930971387405034, 0.12720970240682292, 1
134, 0.08146766761441804, 0.03930971387405034, 0.12720970240682292, 1
135, 0.08146766761441804, 0.03930971387405034, 0.12720970240682292, 1
136, 0.02821056258271029, 0.0174390272043726, 0.0503619087344665, 4
137, 0.02821056258271029, 0.0174390272043726, 0.0503619087344665, 4
138, 0.02821056258271029, 0.0174390272043726, 0.0503619087344665, 4
139, 0.02821056258271029, 0.0174390272043726, 0.0503619087344665, 4
140, 0.02821056258271029, 0.0174390272043726, 0.0503619087344665, 4
141, 0.02821056258271029, 0.0174390272043726, 0.0503619087344665, 4
142, 0.02821056258271029, 0.0174390272043726, 0.0503619087344665, 4
143, 0.02821056258271029, 0.0174390272043726, 0.0503619087344665, 4
144, 0.02821056258271029, 0.0174390272043726, 0.0503619087344665, 4
145, 0.02821056258271029, 0.0174390272043726, 0.0503619087344665, 4
146, 0.02821056258271029, 0.0174390272043726, 0.0503619087344665, 4
147, 0.02821056258271029, 0.0174390272043726, 0.0503619087344665, 4
148, 0.02821056258271029, 0.0174390272043726, 0.0503619087344665, 4
149, 0.02821056258271029, 0.0174390272043726, 0.0503619087344665, 4
150, 0.02821056258271029, 0.0174390272043726, 0.0503619087344665, 4
151, 0.02821056258271029, 0.0174390272043726, 0.0503619087344665, 4
152, 0.02821056258271029, 0.0174390272043726, 0.0503619087344665, 4
153, 0.02821056258271029, 0.0174390272043726, 0.0503619087344665, 4
154, 0.02821056258271029, 0.0174390272043726, 0.0503619087344665, 4
155, 0.02821056258271029, 0.0174390272043726, 0.0503619087344665, 4
156, 0.02821056258271029, 0.0174390272043726, 0.0503619087344665, 4
157, 0.02821056258271029, 0.0174390272043726, 0.0503619087344665, 4
158, 0.02821056258271029, 0.0174390272043726, 0.0503619087344665, 4
159, 0.02821056258271029, 0.0174390272043726, 0.0503619087344665, 4
160, 0.02821056258271029, 0.0174390272043726, 0.0503619087344665, 4
161, 0.02821056258271029, 0.0174390272043726, 0.0503619087344665, 4
162, 0.02821056258271029, 0.0174390272043726, 0.0503619087344665, 4
163, 0.02821056258271029, 0.0174390272043726, 0.0503619087344665, 4
164, 0.02821056258271029, 0.0174390272043726, 0.0503619087344665, 4
165, 0.02821056258271029, 0.0174390272043726, 0.0503619087344665, 4
166, 0.02821056258271029, 0.0174390272043726, 0.0503619087344665, 4
167, 0.02821056258271029, 0.0174390272043726, 0.0503619087344665, 4
168, 0.02821056258271029, 0.0174390272043726, 0.0503619087344665, 4
169, 0.02821056258271029, 0.0174390272043726, 0.0503619087344665, 4
170, 0.02821056258271029, 0.0174390272043726, 0.0503619087344665, 4
171, 0.02821056258271029, 0.0174390272043726, 0.0503619087344665, 4
172, 0.02821056258271029, 0.0174390272043726, 0.0503619087344665, 4
173, 0.02821056258271029, 0.0174390272043726, 0.0503619087344665, 4
174, 0.02821056258271029, 0.0174390272043726, 0.0503619087344665, 4
175, 0.02821056258271029, 0.0174390272043726, 0.0503619087344665, 4
176, 0.02821056258271029, 0.0174390272043726, 0.0503619087344665, 4
177, 0.02821056258271029, 0.0174390272043726, 0.0503619087344665, 4
178, 0.02821056258271029, 0.0174390272043726, 0.0503619087344665, 4
179, 0.02821056258271029, 0.0174390272043726, 0.0503619087344665, 4
180, 0.02821056258271029, 0.0174390272043726, 0.0503619087344665, 4
181, 0.02821056258271029, 0.0174390272043726, 0.0503619087344665, 4
182, 0.02821056258271029, 0.0174390272043726, 0.0503619087344665, 4
183, 0.02821056258271029, 0.0174390272043726, 0.0503619087344665, 4
184, 0.02821056258271029, 0.0174390272043726, 0.0503619087344665, 4
185, 0.02821056258271029, 0.0174390272043726, 0.0503619087344665, 4
186, 0.02821056258271029, 0.0174390272043726, 0.0503619087344665, 4
187, 0.02821056258271029, 0.0174390272043726, 0.0503619087344665, 4
188, 0.02821056258271029, 0.0174390272043726, 0.0503619087344665, 4
189, 0.02821056258271029, 0.0174390272043726, 0.0503619087344665, 4
190, 0.02821056258271029, 0.0174390272043726, 0.0503619087344665, 4
191, 0.02821056258271029, 0.0174390272043726, 0.0503619087344665, 4
192, 0.02821056258271029, 0.0174390272043726, 0.0503619087344665, 4
193, 0.02821056258271029, 0.0174390272043726, 0.0503619087344665, 4
194, 0.02821056258271029, 0.0174390272043726, 0.0503619087344665, 4
195, 0.02821056258271029, 0.0174390272043726, 0.0503619087344665, 4
196, 0.02821056258271029, 0.0174390272043726, 0.0503619087344665, 4
197, 0.02821056258271029, 0.0174390272043726, 0.0503619087344665, 4
198, 0.02821056258271029, 0.0174390272043726, 0.0503619087344665, 4
199, 0.02821056258271029, 0.0174390272043726, 0.0503619087344665, 4
200, 0.02821056258271029, 0.0174390272043726, 0.0503619087344665, 4
201, 0.02821056258271029, 0.0174390272043726, 0.0503619087344665, 4
202, 0.02821056258271029, 0.0174390272043726, 0.0503619087344665, 4
203, 0.02821056258271029, 0.0174390272043726, 0.0503619087344665, 4
204, 0.02821056258271029, 0.0174390272043726, 0.0503619087344665, 4
205, 0.02821056258271029, 0.0174390272043726, 0.0503619087344665, 4
206, 0.02821056258271029, 0.0174390272043726, 0.0503619087344665, 4
207, 0.02821056258271029, 0.0174390272043726, 0.0503619087344665, 4
208, 0.02821056258271029, 0.0174390272043726, 0.0503619087344665, 4
209, 0.02821056258271029, 0.0174390272043726, 0.0503619087344665, 4
210, 0.02821056258271029, 0.0174390272043726, 0.0503619087344665, 4
211, 0.02821056258271029, 0.0174390272043726, 0.0503619087344665, 4
212, 0.02821056258271029, 0.0174390272043726, 0.0503619087344665, 4
213, 0.02821056258271029, 0.0174390272043726, 0.0503619087344665, 4
214, 0.02821056258271029, 0.0174390272043726, 0.0503619087344665, 4
215, 0.02821056258271029, 0.0174390272043726, 0.0503619087344665, 4
216, 0.02821056258271029, 0.0174390272043726, 0.0503619087344665, 4
217, 0.02821056258271029, 0.0174390272043726, 0.0503619087344665, 4
218, 0.02821056258271029, 0.0174390272043726, 0.0503619087344665, 4
219, 0.02821056258271029, 0.0174390272043726, 0.0503619087344665, 4
220, 0.02821056258271029, 0.0174390272043726, 0.0503619087344665, 4
221, 0.02821056258271029, 0.0174390272043726, 0.0503619087344665, 4
222, 0.02821056258271029, 0.0174390272043726, 0.0503619087344665, 4
223, 0.02821056258271029, 0.0174390272043726, 0.0503619087344665, 4
224, 0.02821056258271029, 0.0174390272043726, 0.0503619087344665, 4
225, 0.02821056258271029, 0.0174390272043726, 0.0503619087344665, 4
226, 0.02821056258271029, 0.0174390272043726, 0.0503619087344665, 4
227, 0.02821056258271029, 0.0174390272043726, 0.0503619087344665, 4
228, 0.02821056258271029, 0.0174390272043726, 0.0503619087344665, 4
229, 0.02821056258271029, 0.0174390272043726, 0.0503619087344665, 4
230, 0.02821056258271029, 0.0174390272043726, 0.0503619087344665, 4
231, 0.02821056258271029, 0.0174390272043726, 0.0503619087344665, 4
232, 0.02821056258271029, 0.0174390272043726, 0.0503619087344665, 4
233, 0.02821056258271029, 0.0174390272043726, 0.0503619087344665, 4
234, 0.02821056258271029, 0.0174390272043726, 0.0503619087344665, 4
235, 0.02821056258271029, 0.0174390272043726, 0.0503619087344665, 4
236, 0.02821056258271029, 0.0174390272043726, 0.0503619087344665, 4
237, 0.02821056258271029, 0.0174390272043726, 0.0503619087344665, 4
238, 0.02821056258271029, 0.0174390272043726, 0.0503619087344665, 4
239, 0.02821056258271029, 0.0174390272043726, 0.0503619087344665, 4
240, 0.02821056258271029, 0.0174390272043726, 0.0503619087344665, 4
241, 0.02821056258271029, 0.0174390272043726, 0.0503619087344665, 4
242, 0.02821056258271029, 0.0174390272043726, 0.0503619087344665, 4
243, 0.02821056258271029, 0.0174390272043726, 0.0503619087344665, 4
244, 0.02821056258271029, 0.0174390272043726, 0.0503619087344665, 4
245, 0.02821056258271029, 0.0174390272043726, 0.0503619087344665, 4
246, 0.02821056258271029, 0.0174390272043726, 0.0503619087344665, 4
247, 0.02821056258271029, 0.0174390272043726, 0.0503619087344665, 4
248, 0.02821056258271029, 0.0174390272043726, 0.0503619087344665, 4
249, 0.02821056258271029, 0.0174390272043726, 0.0503619087344665, 4
250, 0.02821056258271029, 0.0174390272043726, 0.0503619087344665, 4
251, 0.02821056258271029, 0.0174390272043726, 0.0503619087344665, 4
252, 0.02821056258271029, 0.0174390272043726, 0.0503619087344665, 4
253, 0.02821056258271029, 0.0174390272043726, 0.0503619087344665, 4
254, 0.02821056258271029, 0.0174390272043726, 0.0503619087344665, 4
255, 0.02821056258271029, 0.0174390272043726, 0.0503619087344665, 4
256, 0.02821056258271029, 0.0174390272043726, 0.0503619087344665, 4
257, 0.02821056258271029, 0.0174390272043726, 0.0503619087344665, 4
258, 0.02821056258271029, 0.0174390272043726, 0.0503619087344665, 4
259, 0.02821056258271029, 0.0174390272043726, 0.0503619087344665, 4
260, 0.02821056258271029, 0.0174390272043726, 0.0503619087344665, 4
261, 0.02821056258271029, 0.0174390272043726, 0.0503619087344665, 4
262, 0.02821056258271029, 0.0174390272043726, 0.0503619087344665, 4
263, 0.02821056258271029, 0.0174390272043726, 0.0503619087344665, 4
264, 0.02821056258271029, 0.0174390272043726, 0.0503619087344665, 4
265, 0.02821056258271029, 0.0174390272043726, 0.0503619087344665, 4
266, 0.02821056258271029, 0.0174390272043726, 0.0503619087344665, 4
267, 0.02821056258271029, 0.0174390272043726, 0.0503619087344665, 4
268, 0.02821056258271029, 0.0174390272043726, 0.0503619087344665, 4
269, 0.02821056258271029, 0.0174390272043726, 0.0503619087344665, 4
270, 0.02821056258271029, 0.0174390272043726, 0.0503619087344665, 4
271, 0.02821056258271029, 0.0174390272043726, 0.0503619087344665, 4
272, 0.02821056258271029, 0.0174390272043726, 0.0503619087344665, 4
273, 0.02821056258271029, 0.0174390272043726, 0.0503619087344665, 4
274, 0.02821056258271029, 0.0174390272043726, 0.0503619087344665, 4
275, 0.02821056258271029, 0.0174390272043726, 0.0503619087344665, 4
276, 0.02821056258271029, 0.0174390272043726, 0.0503619087344665, 4
277, 0.02821056258271029, 0.0174390272043726, 0.0503619087344665, 4
278, 0.02821056258271029, 0.0174390272043726, 0.0503619087344665, 4
279, 0.02821056258271029, 0.0174390272043726, 0.0503619087344665, 4
280, 0.02821056258271029, 0.0174390272043726, 0.0503619087344665, 4
281, 0.02821056258271029, 0.0174390272043726, 0.0503619087344665, 4
282, 0.02821056258271029, 0.0174390272043726, 0.0503619087344665, 4
283, 0.02821056258271029, 0.0174390272043726, 0.0503619087344665, 4
284, 0.02821056258271029, 0.0174390272043726, 0.0503619087344665, 4
285, 0.02821056258271029, 0.0174390272043726, 0.0503619087344665, 4
286, 0.02821056258271029, 0.0174390272043726, 0.0503619087344665, 4
287, 0.02821056258271029, 0.0174390272043726, 0.0503619087344665, 4
288, 0.02821056258271029, 0.0174390272043726, 0.0503619087344665, 4
289, 0.02821056258271029, 0.0174390272043726, 0.0503619087344665, 4
290, 0.02821056258271029, 0.0174390272043726, 0.0503619087344665, 4
291, 0.02821056258271029, 0.0174390272043726, 0.0503619087344665, 4
292, 0.02821056258271029, 0.0174390272043726, 0.0503619087344665, 4
293, 0.02821056258271029, 0.0174390272043726, 0.0503619087344665, 4
294, 0.02821056258271029, 0.0174390272043726, 0.0503619087344665, 4
295, 0.02821056258271029, 0.0174390272043726, 0.0503619087344665, 4
296, 0.02821056258271029, 0.0174390272043726, 0.0503619087344665, 4
297, 0.02821056258271029, 0.0174390272043726, 0.0503619087344665, 4
298, 0.02821056258271029, 0.0174390272043726, 0.0503619087344665, 4
299, 0.02821056258271029, 0.0174390272043726, 0.0503619087344665, 4
300, 0.02821056258271029, 0.0174390272043726, 0.0503619087344665, 4
301, 0.02821056258271029, 0.0174390272043726, 0.0503619087344665, 4
302, 0.02821056258271029, 0.0174390272043726, 0.0503619087344665, 4
303, 0.02821056258271029, 0.0174390272043726, 0.0503619087344665, 4
304, 0.02821056258271029, 0.0174390272043726, 0.0503619087344665, 4
305, 0.02821056258271029, 0.0174390272043726, 0.0503619087344665, 4
306, 0.02821056258271029, 0.0174390272043726, 0.0503619087344665, 4
307, 0.02821056258271029, 0.0174390272043726, 0.0503619087344665, 4
308, 0.02821056258271029, 0.0174390272043726, 0.0503619087344665, 4
309, 0.02821056258271029, 0.0174390272043726, 0.0503619087344665, 4
310, 0.02821056258271029, 0.0174390272043726, 0.0503619087344665, 4
311, 0.02821056258271029, 0.0174390272043726, 0.0503619087344665, 4
312, 0.02821056258271029, 0.0174390272043726, 0.0503619087344665, 4
313, 0.02821056258271029, 0.0174390272043726, 0.0503619087344665, 4
314, 0.02821056258271029, 0.0174390272043726, 0.0503619087344665, 4
315, 0.02821056258271029, 0.0174390272043726, 0.0503619087344665, 4
316, 0.02821056258271029, 0.0174390272043726, 0.0503619087344665, 4
317, 0.02821056258271029, 0.0174390272043726, 0.0503619087344665, 4
318, 0.02821056258271029, 0.0174390272043726, 0.0503619087344665, 4
319, 0.02821056258271029, 0.0174390272043726, 0.0503619087344665, 4
320, 0.02821056258271029, 0.0174390272043726, 0.0503619087344665, 4
321, 0.02821056258271029, 0.0174390272043726, 0.0503619087344665, 4
322, 0.02821056258271029, 0.0174390272043726, 0.0503619087344665, 4
323, 0.02821056258271029, 0.0174390272043726, 0.0503619087344665, 4
324, 0.02821056258271029, 0.0174390272043726, 0.0503619087344665, 4
325, 0.02821056258271029, 0.0174390272043726, 0.0503619087344665, 4
326, 0.02821056258271029, 0.0174390272043726, 0.0503619087344665, 4
327, 0.02821056258271029, 0.0174390272043726, 0.0503619087344665, 4
328, 0.02821056258271029, 0.0174390272043726, 0.0503619087344665, 4
329, 0.02821056258271029, 0.0174390272043726, 0.0503619087344665, 4
330, 0.02821056258271029, 0.0174390272043726, 0.0503619087344665, 4
331, 0.02821056258271029, 0.0174390272043726, 0.0503619087344665, 4
332, 0.02821056258271029, 0.0174390272043726, 0.0503619087344665, 4
333, 0.02821056258271029, 0.0174390272043726, 0.0503619087344665, 4
334, 0.02821056258271029, 0.0174390272043726, 0.0503619087344665, 4
335, 0.02821056258271029, 0.0174390272043726, 0.0503619087344665, 4
336, 0.02821056258271029, 0.0174390272043726, 0.0503619087344665, 4
337, 0.02821056258271029, 0.0174390272043726, 0.0503619087344665, 4
338, 0.02821056258271029, 0.0174390272043726, 0.0503619087344665, 4
339, 0.02821056258271029, 0.0174390272043726, 0.0503619087344665, 4
340, 0.02821056258271029, 0.0174390272043726, 0.0503619087344665, 4
341, 0.02821056258271029, 0.0174390272043726, 0.0503619087344665, 4
342, 0.02821056258271029, 0.0174390272043726, 0.0503619087344665, 4
343, 0.02821056258271029, 0.0174390272043726, 0.0503619087344665, 4
344, 0.02821056258271029, 0.0174390272043726, 0.0503619087344665, 4
345, 0.02821056258271029, 0.0174390272043726, 0.0503619087344665, 4
346, 0.02821056258271029, 0.0174390272043726, 0.0503619087344665, 4
347, 0.02821056258271029, 0.0174390272043726, 0.0503619087344665, 4
348, 0.02821056258271029, 0.0174390272043726, 0.0503619087344665, 4
349, 0.02821056258271029, 0.0174390272043726, 0.0503619087344665, 4
350, 0.02821056258271029, 0.0174390272043726, 0.0503619087344665, 4
351, 0.02821056258271029, 0.0174390272043726, 0.0503619087344665, 4
352, 0.02821056258271029, 0.0174390272043726, 0.0503619087344665, 4
353, 0.01621449811450808, 0.009991429479850357, 0.020964015510031977, 4
354, 0.01621449811450808, 0.009991429479850357, 0.020964015510031977, 4
355, 0.01621449811450808, 0.009991429479850357, 0.020964015510031977, 4
356, 0.01621449811450808, 0.009991429479850357, 0.020964015510031977, 4
357, 0.01621449811450808, 0.009991429479850357, 0.020964015510031977, 4
358, 0.01621449811450808, 0.009991429479850357, 0.020964015510031977, 4
359, 0.01621449811450808, 0.009991429479850357, 0.020964015510031977, 4
360, 0.01621449811450808, 0.009991429479850357, 0.020964015510031977, 4
361, 0.01621449811450808, 0.009991429479850357, 0.020964015510031977, 4
362, 0.01621449811450808, 0.009991429479850357, 0.020964015510031977, 4
363, 0.01621449811450808, 0.009991429479850357, 0.020964015510031977, 4
364, 0.01621449811450808, 0.009991429479850357, 0.020964015510031977, 4
365, 0.01621449811450808, 0.009991429479850357, 0.020964015510031977, 4
366, 0.01621449811450808, 0.009991429479850357, 0.020964015510031977, 4
367, 0.01621449811450808, 0.009991429479850357, 0.020964015510031977, 4
368, 0.01621449811450808, 0.009991429479850357, 0.020964015510031977, 4
369, 0.01621449811450808, 0.009991429479850357, 0.020964015510031977, 4
370, 0.01621449811450808, 0.009991429479850357, 0.020964015510031977, 4
371, 0.01621449811450808, 0.009991429479850357, 0.020964015510031977, 4
372, 0.01621449811450808, 0.009991429479850357, 0.020964015510031977, 4
373, 0.01621449811450808, 0.009991429479850357, 0.020964015510031977, 4
374, 0.01621449811450808, 0.009991429479850357, 0.020964015510031977, 4
375, 0.01621449811450808, 0.009991429479850357, 0.020964015510031977, 4
376, 0.01621449811450808, 0.009991429479850357, 0.020964015510031977, 4
377, 0.01621449811450808, 0.009991429479850357, 0.020964015510031977, 4
378, 0.01621449811450808, 0.009991429479850357, 0.020964015510031977, 4
379, 0.01621449811450808, 0.009991429479850357, 0.020964015510031977, 4
380, 0.01621449811450808, 0.009991429479850357, 0.020964015510031977, 4
381, 0.01621449811450808, 0.009991429479850357, 0.020964015510031977, 4
382, 0.01621449811450808, 0.009991429479850357, 0.020964015510031977, 4
383, 0.01621449811450808, 0.009991429479850357, 0.020964015510031977, 4
384, 0.01621449811450808, 0.009991429479850357, 0.020964015510031977, 4
385, 0.01621449811450808, 0.009991429479850357, 0.020964015510031977, 4
386, 0.01621449811450808, 0.009991429479850357, 0.020964015510031977, 4
387, 0.01621449811450808, 0.009991429479850357, 0.020964015510031977, 4
388, 0.01621449811450808, 0.009991429479850357, 0.020964015510031977, 4
389, 0.01621449811450808, 0.009991429479850357, 0.020964015510031977, 4
390, 0.01621449811450808, 0.009991429479850357, 0.020964015510031977, 4
391, 0.01621449811450808, 0.009991429479850357, 0.020964015510031977, 4
392, 0.01621449811450808, 0.009991429479850357, 0.020964015510031977, 4
393, 0.01621449811450808, 0.009991429479850357, 0.020964015510031977, 4
394, 0.01621449811450808, 0.009991429479850357, 0.020964015510031977, 4
395, 0.01621449811450808, 0.009991429479850357, 0.020964015510031977, 4
396, 0.01621449811450808, 0.009991429479850357, 0.020964015510031977, 4
397, 0.01621449811450808, 0.009991429479850357, 0.020964015510031977, 4
398, 0.01621449811450808, 0.009991429479850357, 0.020964015510031977, 4
399, 0.01621449811450808, 0.009991429479850357, 0.020964015510031977, 4
400, 0.01621449811450808, 0.009991429479850357, 0.020964015510031977, 4
401, 0.01621449811450808, 0.009991429479850357, 0.020964015510031977, 4
402, 0.01621449811450808, 0.009991429479850357, 0.020964015510031977, 4
403, 0.01621449811450808, 0.009991429479850357, 0.020964015510031977, 4
404, 0.01621449811450808, 0.009991429479850357, 0.020964015510031977, 4
405, 0.01621449811450808, 0.009991429479850357, 0.020964015510031977, 4
406, 0.01621449811450808, 0.009991429479850357, 0.020964015510031977, 4
407, 0.01621449811450808, 0.009991429479850357, 0.020964015510031977, 4
408, 0.01621449811450808, 0.009991429479850357, 0.020964015510031977, 4
409, 0.01621449811450808, 0.009991429479850357, 0.020964015510031977, 4
410, 0.01621449811450808, 0.009991429479850357, 0.020964015510031977, 4
411, 0.01621449811450808, 0.009991429479850357, 0.020964015510031977, 4
412, 0.01621449811450808, 0.009991429479850357, 0.020964015510031977, 4
413, 0.01621449811450808, 0.009991429479850357, 0.020964015510031977, 4
414, 0.01621449811450808, 0.009991429479850357, 0.020964015510031977, 4
415, 0.01621449811450808, 0.009991429479850357, 0.020964015510031977, 4
416, 0.01621449811450808, 0.009991429479850357, 0.020964015510031977, 4
417, 0.01621449811450808, 0.009991429479850357, 0.020964015510031977, 4
418, 0.01621449811450808, 0.009991429479850357, 0.020964015510031977, 4
419, 0.01621449811450808, 0.009991429479850357, 0.020964015510031977, 4
420, 0.01621449811450808, 0.009991429479850357, 0.020964015510031977, 4
421, 0.01621449811450808, 0.009991429479850357, 0.020964015510031977, 4
422, 0.01621449811450808, 0.009991429479850357, 0.020964015510031977, 4
423, 0.01621449811450808, 0.009991429479850357, 0.020964015510031977, 4
424, 0.01621449811450808, 0.009991429479850357, 0.020964015510031977, 4
425, 0.01621449811450808, 0.009991429479850357, 0.020964015510031977, 4
426, 0.01621449811450808, 0.009991429479850357, 0.020964015510031977, 4
427, 0.01621449811450808, 0.009991429479850357, 0.020964015510031977, 4
428, 0.01621449811450808, 0.009991429479850357, 0.020964015510031977, 4
429, 0.01621449811450808, 0.009991429479850357, 0.020964015510031977, 4
430, 0.01621449811450808, 0.009991429479850357, 0.020964015510031977, 4
431, 0.01621449811450808, 0.009991429479850357, 0.020964015510031977, 4
432, 0.01621449811450808, 0.009991429479850357, 0.020964015510031977, 4
433, 0.01621449811450808, 0.009991429479850357, 0.020964015510031977, 4
434, 0.01621449811450808, 0.009991429479850357, 0.020964015510031977, 4
435, 0.01621449811450808, 0.009991429479850357, 0.020964015510031977, 4
436, 0.01621449811450808, 0.009991429479850357, 0.020964015510031977, 4
437, 0.01621449811450808, 0.009991429479850357, 0.020964015510031977, 4
438, 0.01621449811450808, 0.009991429479850357, 0.020964015510031977, 4
439, 0.01621449811450808, 0.009991429479850357, 0.020964015510031977, 4
440, 0.01621449811450808, 0.009991429479850357, 0.020964015510031977, 4
441, 0.01621449811450808, 0.009991429479850357, 0.020964015510031977, 4
442, 0.01621449811450808, 0.009991429479850357, 0.020964015510031977, 4
443, 0.01621449811450808, 0.009991429479850357, 0.020964015510031977, 4
444, 0.01621449811450808, 0.009991429479850357, 0.020964015510031977, 4
445, 0.01621449811450808, 0.009991429479850357, 0.020964015510031977, 4
446, 0.01621449811450808, 0.009991429479850357, 0.020964015510031977, 4
447, 0.01621449811450808, 0.009991429479850357, 0.020964015510031977, 4
448, 0.01621449811450808, 0.009991429479850357, 0.020964015510031977, 4
449, 0.01621449811450808, 0.009991429479850357, 0.020964015510031977, 4
450, 0.01621449811450808, 0.009991429479850357, 0.020964015510031977, 4
451, 0.01621449811450808, 0.009991429479850357, 0.020964015510031977, 4
452, 0.01621449811450808, 0.009991429479850357, 0.020964015510031977, 4
453, 0.01621449811450808, 0.009991429479850357, 0.020964015510031977, 4
454, 0.01621449811450808, 0.009991429479850357, 0.020964015510031977, 4
455, 0.01621449811450808, 0.009991429479850357, 0.020964015510031977, 4
456, 0.01621449811450808, 0.009991429479850357, 0.020964015510031977, 4
457, 0.01621449811450808, 0.009991429479850357, 0.020964015510031977, 4
458, 0.01621449811450808, 0.009991429479850357, 0.020964015510031977, 4
459, 0.01621449811450808, 0.009991429479850357, 0.020964015510031977, 4
460, 0.01621449811450808, 0.009991429479850357, 0.020964015510031977, 4
461, 0.01621449811450808, 0.009991429479850357, 0.020964015510031977, 4
462, 0.01621449811450808, 0.009991429479850357, 0.020964015510031977, 4
463, 0.01621449811450808, 0.009991429479850357, 0.020964015510031977, 4
464, 0.01621449811450808, 0.009991429479850357, 0.020964015510031977, 4
465, 0.01621449811450808, 0.009991429479850357, 0.020964015510031977, 4
466, 0.01621449811450808, 0.009991429479850357, 0.020964015510031977, 4
467, 0.01621449811450808, 0.009991429479850357, 0.020964015510031977, 4
468, 0.01621449811450808, 0.009991429479850357, 0.020964015510031977, 4
469, 0.01621449811450808, 0.009991429479850357, 0.020964015510031977, 4
470, 0.01621449811450808, 0.009991429479850357, 0.020964015510031977, 4
471, 0.01621449811450808, 0.009991429479850357, 0.020964015510031977, 4
472, 0.01621449811450808, 0.009991429479850357, 0.020964015510031977, 4
473, 0.01621449811450808, 0.009991429479850357, 0.020964015510031977, 4
474, 0.01621449811450808, 0.009991429479850357, 0.020964015510031977, 4
475, 0.01621449811450808, 0.009991429479850357, 0.020964015510031977, 4
476, 0.01621449811450808, 0.009991429479850357, 0.020964015510031977, 4
477, 0.01621449811450808, 0.009991429479850357, 0.020964015510031977, 4
478, 0.01621449811450808, 0.009991429479850357, 0.020964015510031977, 4
479, 0.01621449811450808, 0.009991429479850357, 0.020964015510031977, 4
480, 0.01621449811450808, 0.009991429479850357, 0.020964015510031977, 4
481, 0.01621449811450808, 0.009991429479850357, 0.020964015510031977, 4
482, 0.01621449811450808, 0.009991429479850357, 0.020964015510031977, 4
483, 0.01621449811450808, 0.009991429479850357, 0.020964015510031977, 4
484, 0.01621449811450808, 0.009991429479850357, 0.020964015510031977, 4
485, 0.01621449811450808, 0.009991429479850357, 0.020964015510031977, 4
486, 0.01621449811450808, 0.009991429479850357, 0.020964015510031977, 4
487, 0.01621449811450808, 0.009991429479850357, 0.020964015510031977, 4
488, 0.01621449811450808, 0.009991429479850357, 0.020964015510031977, 4
489, 0.01621449811450808, 0.009991429479850357, 0.020964015510031977, 4
490, 0.01621449811450808, 0.009991429479850357, 0.020964015510031977, 4
491, 0.01621449811450808, 0.009991429479850357, 0.020964015510031977, 4
492, 0.01621449811450808, 0.009991429479850357, 0.020964015510031977, 4
493, 0.01621449811450808, 0.009991429479850357, 0.020964015510031977, 4
494, 0.01621449811450808, 0.009991429479850357, 0.020964015510031977, 4
495, 0.01621449811450808, 0.009991429479850357, 0.020964015510031977, 4
496, 0.01621449811450808, 0.009991429479850357, 0.020964015510031977, 4
497, 0.01621449811450808, 0.009991429479850357, 0.020964015510031977, 4
498, 0.01621449811450808, 0.009991429479850357, 0.020964015510031977, 4
499, 0.01621449811450808, 0.009991429479850357, 0.020964015510031977, 4
500, 0.01621449811450808, 0.009991429479850357, 0.020964015510031977, 4
501, 0.01621449811450808, 0.009991429479850357, 0.020964015510031977, 4
