evals, mean, best, worst, success num
1, 0.701118675681466, 0.0044079977229758245, 1.647849185726573, 1
2, 0.701118675681466, 0.0044079977229758245, 1.647849185726573, 1
3, 0.701118675681466, 0.0044079977229758245, 1.647849185726573, 1
4, 0.701118675681466, 0.0044079977229758245, 1.647849185726573, 1
5, 0.701118675681466, 0.0044079977229758245, 1.647849185726573, 1
6, 0.701118675681466, 0.0044079977229758245, 1.647849185726573, 1
7, 0.701118675681466, 0.0044079977229758245, 1.647849185726573, 1
8, 0.701118675681466, 0.0044079977229758245, 1.647849185726573, 1
9, 0.701118675681466, 0.0044079977229758245, 1.647849185726573, 1
10, 0.06280059283881019, 0.03382976561514475, 0.08502122314652338, 2
11, 0.06280059283881019, 0.03382976561514475, 0.08502122314652338, 2
12, 0.06280059283881019, 0.03382976561514475, 0.08502122314652338, 2
13, 0.06280059283881019, 0.03382976561514475, 0.08502122314652338, 2
14, 0.06280059283881019, 0.03382976561514475, 0.08502122314652338, 2
15, 0.06280059283881019, 0.03382976561514475, 0.08502122314652338, 2
16, 0.06280059283881019, 0.03382976561514475, 0.08502122314652338, 2
17, 0.06280059283881019, 0.03382976561514475, 0.08502122314652338, 2
18, 0.06280059283881019, 0.03382976561514475, 0.08502122314652338, 2
19, 0.06280059283881019, 0.03382976561514475, 0.08502122314652338, 2
20, 0.06280059283881019, 0.03382976561514475, 0.08502122314652338, 2
21, 0.06280059283881019, 0.03382976561514475, 0.08502122314652338, 2
22, 0.06280059283881019, 0.03382976561514475, 0.08502122314652338, 2
23, 0.06280059283881019, 0.03382976561514475, 0.08502122314652338, 2
24, 0.06280059283881019, 0.03382976561514475, 0.08502122314652338, 2
25, 0.06280059283881019, 0.03382976561514475, 0.08502122314652338, 2
26, 0.06280059283881019, 0.03382976561514475, 0.08502122314652338, 2
27, 0.06280059283881019, 0.03382976561514475, 0.08502122314652338, 2
28, 0.06280059283881019, 0.03382976561514475, 0.08502122314652338, 2
29, 0.06280059283881019, 0.03382976561514475, 0.08502122314652338, 2
30, 0.06280059283881019, 0.03382976561514475, 0.08502122314652338, 2
31, 0.06280059283881019, 0.03382976561514475, 0.08502122314652338, 2
32, 0.06280059283881019, 0.03382976561514475, 0.08502122314652338, 2
33, 0.06280059283881019, 0.03382976561514475, 0.08502122314652338, 2
34, 0.06280059283881019, 0.03382976561514475, 0.08502122314652338, 2
35, 0.06280059283881019, 0.03382976561514475, 0.08502122314652338, 2
36, 0.06280059283881019, 0.03382976561514475, 0.08502122314652338, 2
37, 0.06280059283881019, 0.03382976561514475, 0.08502122314652338, 2
38, 0.06280059283881019, 0.03382976561514475, 0.08502122314652338, 2
39, 0.06280059283881019, 0.03382976561514475, 0.08502122314652338, 2
40, 0.06280059283881019, 0.03382976561514475, 0.08502122314652338, 2
41, 0.06280059283881019, 0.03382976561514475, 0.08502122314652338, 2
42, 0.06280059283881019, 0.03382976561514475, 0.08502122314652338, 2
43, 0.06280059283881019, 0.03382976561514475, 0.08502122314652338, 2
44, 0.06280059283881019, 0.03382976561514475, 0.08502122314652338, 2
45, 0.06280059283881019, 0.03382976561514475, 0.08502122314652338, 2
46, 0.06280059283881019, 0.03382976561514475, 0.08502122314652338, 2
47, 0.06280059283881019, 0.03382976561514475, 0.08502122314652338, 2
48, 0.06280059283881019, 0.03382976561514475, 0.08502122314652338, 2
49, 0.06280059283881019, 0.03382976561514475, 0.08502122314652338, 2
50, 0.06280059283881019, 0.03382976561514475, 0.08502122314652338, 2
51, 0.06280059283881019, 0.03382976561514475, 0.08502122314652338, 2
52, 0.06280059283881019, 0.03382976561514475, 0.08502122314652338, 2
53, 0.06280059283881019, 0.03382976561514475, 0.08502122314652338, 2
54, 0.06280059283881019, 0.03382976561514475, 0.08502122314652338, 2
55, 0.06280059283881019, 0.03382976561514475, 0.08502122314652338, 2
56, 0.06280059283881019, 0.03382976561514475, 0.08502122314652338, 2
57, 0.06280059283881019, 0.03382976561514475, 0.08502122314652338, 2
58, 0.06280059283881019, 0.03382976561514475, 0.08502122314652338, 2
59, 0.06280059283881019, 0.03382976561514475, 0.08502122314652338, 2
60, 0.06280059283881019, 0.03382976561514475, 0.08502122314652338, 2
61, 0.06280059283881019, 0.03382976561514475, 0.08502122314652338, 2
62, 0.06280059283881019, 0.03382976561514475, 0.08502122314652338, 2
63, 0.06280059283881019, 0.03382976561514475, 0.08502122314652338, 2
64, 0.06280059283881019, 0.03382976561514475, 0.08502122314652338, 2
65, 0.06280059283881019, 0.03382976561514475, 0.08502122314652338, 2
66, 0.06280059283881019, 0.03382976561514475, 0.08502122314652338, 2
67, 0.06280059283881019, 0.03382976561514475, 0.08502122314652338, 2
68, 0.06280059283881019, 0.03382976561514475, 0.08502122314652338, 2
69, 0.06280059283881019, 0.03382976561514475, 0.08502122314652338, 2
70, 0.06280059283881019, 0.03382976561514475, 0.08502122314652338, 2
71, 0.06280059283881019, 0.03382976561514475, 0.08502122314652338, 2
72, 0.06280059283881019, 0.03382976561514475, 0.08502122314652338, 2
73, 0.06280059283881019, 0.03382976561514475, 0.08502122314652338, 2
74, 0.06280059283881019, 0.03382976561514475, 0.08502122314652338, 2
75, 0.06280059283881019, 0.03382976561514475, 0.08502122314652338, 2
76, 0.06280059283881019, 0.03382976561514475, 0.08502122314652338, 2
77, 0.06280059283881019, 0.03382976561514475, 0.08502122314652338, 2
78, 0.06280059283881019, 0.03382976561514475, 0.08502122314652338, 2
79, 0.06280059283881019, 0.03382976561514475, 0.08502122314652338, 2
80, 0.06280059283881019, 0.03382976561514475, 0.08502122314652338, 2
81, 0.06280059283881019, 0.03382976561514475, 0.08502122314652338, 2
82, 0.06280059283881019, 0.03382976561514475, 0.08502122314652338, 2
83, 0.06280059283881019, 0.03382976561514475, 0.08502122314652338, 2
84, 0.06280059283881019, 0.03382976561514475, 0.08502122314652338, 2
85, 0.06280059283881019, 0.03382976561514475, 0.08502122314652338, 2
86, 0.06280059283881019, 0.03382976561514475, 0.08502122314652338, 2
87, 0.06280059283881019, 0.03382976561514475, 0.08502122314652338, 2
88, 0.06280059283881019, 0.03382976561514475, 0.08502122314652338, 2
89, 0.06280059283881019, 0.03382976561514475, 0.08502122314652338, 2
90, 0.06280059283881019, 0.03382976561514475, 0.08502122314652338, 2
91, 0.06280059283881019, 0.03382976561514475, 0.08502122314652338, 2
92, 0.06280059283881019, 0.03382976561514475, 0.08502122314652338, 2
93, 0.06280059283881019, 0.03382976561514475, 0.08502122314652338, 2
94, 0.06280059283881019, 0.03382976561514475, 0.08502122314652338, 2
95, 0.06280059283881019, 0.03382976561514475, 0.08502122314652338, 2
96, 0.06280059283881019, 0.03382976561514475, 0.08502122314652338, 2
97, 0.06280059283881019, 0.03382976561514475, 0.08502122314652338, 2
98, 0.06280059283881019, 0.03382976561514475, 0.08502122314652338, 2
99, 0.06280059283881019, 0.03382976561514475, 0.08502122314652338, 2
100, 0.06280059283881019, 0.03382976561514475, 0.08502122314652338, 2
101, 0.06280059283881019, 0.03382976561514475, 0.08502122314652338, 2
102, 0.06280059283881019, 0.03382976561514475, 0.08502122314652338, 2
103, 0.06280059283881019, 0.03382976561514475, 0.08502122314652338, 2
104, 0.06280059283881019, 0.03382976561514475, 0.08502122314652338, 2
105, 0.06280059283881019, 0.03382976561514475, 0.08502122314652338, 2
106, 0.06280059283881019, 0.03382976561514475, 0.08502122314652338, 2
107, 0.06280059283881019, 0.03382976561514475, 0.08502122314652338, 2
108, 0.06280059283881019, 0.03382976561514475, 0.08502122314652338, 2
109, 0.06280059283881019, 0.03382976561514475, 0.08502122314652338, 2
110, 0.06280059283881019, 0.03382976561514475, 0.08502122314652338, 2
111, 0.06280059283881019, 0.03382976561514475, 0.08502122314652338, 2
112, 0.06280059283881019, 0.03382976561514475, 0.08502122314652338, 2
113, 0.06280059283881019, 0.03382976561514475, 0.08502122314652338, 2
114, 0.06280059283881019, 0.03382976561514475, 0.08502122314652338, 2
115, 0.06280059283881019, 0.03382976561514475, 0.08502122314652338, 2
116, 0.06280059283881019, 0.03382976561514475, 0.08502122314652338, 2
117, 0.06280059283881019, 0.03382976561514475, 0.08502122314652338, 2
118, 0.06280059283881019, 0.03382976561514475, 0.08502122314652338, 2
119, 0.06280059283881019, 0.03382976561514475, 0.08502122314652338, 2
120, 0.06280059283881019, 0.03382976561514475, 0.08502122314652338, 2
121, 0.06280059283881019, 0.03382976561514475, 0.08502122314652338, 2
122, 0.06280059283881019, 0.03382976561514475, 0.08502122314652338, 2
123, 0.06280059283881019, 0.03382976561514475, 0.08502122314652338, 2
124, 0.06280059283881019, 0.03382976561514475, 0.08502122314652338, 2
125, 0.06280059283881019, 0.03382976561514475, 0.08502122314652338, 2
126, 0.06280059283881019, 0.03382976561514475, 0.08502122314652338, 2
127, 0.06280059283881019, 0.03382976561514475, 0.08502122314652338, 2
128, 0.06280059283881019, 0.03382976561514475, 0.08502122314652338, 2
129, 0.06280059283881019, 0.03382976561514475, 0.08502122314652338, 2
130, 0.06280059283881019, 0.03382976561514475, 0.08502122314652338, 2
131, 0.06280059283881019, 0.03382976561514475, 0.08502122314652338, 2
132, 0.06280059283881019, 0.03382976561514475, 0.08502122314652338, 2
133, 0.06280059283881019, 0.03382976561514475, 0.08502122314652338, 2
134, 0.06280059283881019, 0.03382976561514475, 0.08502122314652338, 2
135, 0.06280059283881019, 0.03382976561514475, 0.08502122314652338, 2
136, 0.06280059283881019, 0.03382976561514475, 0.08502122314652338, 2
137, 0.06280059283881019, 0.03382976561514475, 0.08502122314652338, 2
138, 0.06280059283881019, 0.03382976561514475, 0.08502122314652338, 2
139, 0.06280059283881019, 0.03382976561514475, 0.08502122314652338, 2
140, 0.06280059283881019, 0.03382976561514475, 0.08502122314652338, 2
141, 0.05005642236563715, 0.02921437876074664, 0.06672479009678393, 4
142, 0.05005642236563715, 0.02921437876074664, 0.06672479009678393, 4
143, 0.05005642236563715, 0.02921437876074664, 0.06672479009678393, 4
144, 0.05005642236563715, 0.02921437876074664, 0.06672479009678393, 4
145, 0.05005642236563715, 0.02921437876074664, 0.06672479009678393, 4
146, 0.05005642236563715, 0.02921437876074664, 0.06672479009678393, 4
147, 0.03847433483017509, 0.034241059294703176, 0.04022274711178108, 4
148, 0.03847433483017509, 0.034241059294703176, 0.04022274711178108, 4
149, 0.03847433483017509, 0.034241059294703176, 0.04022274711178108, 4
150, 0.03847433483017509, 0.034241059294703176, 0.04022274711178108, 4
151, 0.03847433483017509, 0.034241059294703176, 0.04022274711178108, 4
152, 0.03847433483017509, 0.034241059294703176, 0.04022274711178108, 4
153, 0.03847433483017509, 0.034241059294703176, 0.04022274711178108, 4
154, 0.03847433483017509, 0.034241059294703176, 0.04022274711178108, 4
155, 0.02642362716024252, 0.014933564009212736, 0.03819407099294407, 4
156, 0.02642362716024252, 0.014933564009212736, 0.03819407099294407, 4
157, 0.02642362716024252, 0.014933564009212736, 0.03819407099294407, 4
158, 0.02642362716024252, 0.014933564009212736, 0.03819407099294407, 4
159, 0.02642362716024252, 0.014933564009212736, 0.03819407099294407, 4
160, 0.02642362716024252, 0.014933564009212736, 0.03819407099294407, 4
161, 0.02642362716024252, 0.014933564009212736, 0.03819407099294407, 4
162, 0.02642362716024252, 0.014933564009212736, 0.03819407099294407, 4
163, 0.02642362716024252, 0.014933564009212736, 0.03819407099294407, 4
164, 0.02642362716024252, 0.014933564009212736, 0.03819407099294407, 4
165, 0.02642362716024252, 0.014933564009212736, 0.03819407099294407, 4
166, 0.02642362716024252, 0.014933564009212736, 0.03819407099294407, 4
167, 0.02642362716024252, 0.014933564009212736, 0.03819407099294407, 4
168, 0.02642362716024252, 0.014933564009212736, 0.03819407099294407, 4
169, 0.02642362716024252, 0.014933564009212736, 0.03819407099294407, 4
170, 0.02642362716024252, 0.014933564009212736, 0.03819407099294407, 4
171, 0.02642362716024252, 0.014933564009212736, 0.03819407099294407, 4
172, 0.02642362716024252, 0.014933564009212736, 0.03819407099294407, 4
173, 0.02642362716024252, 0.014933564009212736, 0.03819407099294407, 4
174, 0.02642362716024252, 0.014933564009212736, 0.03819407099294407, 4
175, 0.02642362716024252, 0.014933564009212736, 0.03819407099294407, 4
176, 0.02642362716024252, 0.014933564009212736, 0.03819407099294407, 4
177, 0.02642362716024252, 0.014933564009212736, 0.03819407099294407, 4
178, 0.02642362716024252, 0.014933564009212736, 0.03819407099294407, 4
179, 0.02642362716024252, 0.014933564009212736, 0.03819407099294407, 4
180, 0.02642362716024252, 0.014933564009212736, 0.03819407099294407, 4
181, 0.02642362716024252, 0.014933564009212736, 0.03819407099294407, 4
182, 0.02642362716024252, 0.014933564009212736, 0.03819407099294407, 4
183, 0.02642362716024252, 0.014933564009212736, 0.03819407099294407, 4
184, 0.02642362716024252, 0.014933564009212736, 0.03819407099294407, 4
185, 0.02642362716024252, 0.014933564009212736, 0.03819407099294407, 4
186, 0.02642362716024252, 0.014933564009212736, 0.03819407099294407, 4
187, 0.02642362716024252, 0.014933564009212736, 0.03819407099294407, 4
188, 0.02642362716024252, 0.014933564009212736, 0.03819407099294407, 4
189, 0.02642362716024252, 0.014933564009212736, 0.03819407099294407, 4
190, 0.02642362716024252, 0.014933564009212736, 0.03819407099294407, 4
191, 0.02642362716024252, 0.014933564009212736, 0.03819407099294407, 4
192, 0.02642362716024252, 0.014933564009212736, 0.03819407099294407, 4
193, 0.02642362716024252, 0.014933564009212736, 0.03819407099294407, 4
194, 0.02642362716024252, 0.014933564009212736, 0.03819407099294407, 4
195, 0.02642362716024252, 0.014933564009212736, 0.03819407099294407, 4
196, 0.02642362716024252, 0.014933564009212736, 0.03819407099294407, 4
197, 0.02642362716024252, 0.014933564009212736, 0.03819407099294407, 4
198, 0.02642362716024252, 0.014933564009212736, 0.03819407099294407, 4
199, 0.02642362716024252, 0.014933564009212736, 0.03819407099294407, 4
200, 0.02642362716024252, 0.014933564009212736, 0.03819407099294407, 4
201, 0.02642362716024252, 0.014933564009212736, 0.03819407099294407, 4
202, 0.02642362716024252, 0.014933564009212736, 0.03819407099294407, 4
203, 0.02642362716024252, 0.014933564009212736, 0.03819407099294407, 4
204, 0.02642362716024252, 0.014933564009212736, 0.03819407099294407, 4
205, 0.02642362716024252, 0.014933564009212736, 0.03819407099294407, 4
206, 0.02642362716024252, 0.014933564009212736, 0.03819407099294407, 4
207, 0.02642362716024252, 0.014933564009212736, 0.03819407099294407, 4
208, 0.02642362716024252, 0.014933564009212736, 0.03819407099294407, 4
209, 0.02642362716024252, 0.014933564009212736, 0.03819407099294407, 4
210, 0.02642362716024252, 0.014933564009212736, 0.03819407099294407, 4
211, 0.02642362716024252, 0.014933564009212736, 0.03819407099294407, 4
212, 0.02642362716024252, 0.014933564009212736, 0.03819407099294407, 4
213, 0.02642362716024252, 0.014933564009212736, 0.03819407099294407, 4
214, 0.02642362716024252, 0.014933564009212736, 0.03819407099294407, 4
215, 0.02642362716024252, 0.014933564009212736, 0.03819407099294407, 4
216, 0.02642362716024252, 0.014933564009212736, 0.03819407099294407, 4
217, 0.02642362716024252, 0.014933564009212736, 0.03819407099294407, 4
218, 0.02642362716024252, 0.014933564009212736, 0.03819407099294407, 4
219, 0.02642362716024252, 0.014933564009212736, 0.03819407099294407, 4
220, 0.02642362716024252, 0.014933564009212736, 0.03819407099294407, 4
221, 0.02642362716024252, 0.014933564009212736, 0.03819407099294407, 4
222, 0.02642362716024252, 0.014933564009212736, 0.03819407099294407, 4
223, 0.02642362716024252, 0.014933564009212736, 0.03819407099294407, 4
224, 0.02642362716024252, 0.014933564009212736, 0.03819407099294407, 4
225, 0.02642362716024252, 0.014933564009212736, 0.03819407099294407, 4
226, 0.02642362716024252, 0.014933564009212736, 0.03819407099294407, 4
227, 0.02642362716024252, 0.014933564009212736, 0.03819407099294407, 4
228, 0.02642362716024252, 0.014933564009212736, 0.03819407099294407, 4
229, 0.02642362716024252, 0.014933564009212736, 0.03819407099294407, 4
230, 0.02642362716024252, 0.014933564009212736, 0.03819407099294407, 4
231, 0.02642362716024252, 0.014933564009212736, 0.03819407099294407, 4
232, 0.02642362716024252, 0.014933564009212736, 0.03819407099294407, 4
233, 0.02642362716024252, 0.014933564009212736, 0.03819407099294407, 4
234, 0.02642362716024252, 0.014933564009212736, 0.03819407099294407, 4
235, 0.02642362716024252, 0.014933564009212736, 0.03819407099294407, 4
236, 0.02642362716024252, 0.014933564009212736, 0.03819407099294407, 4
237, 0.02642362716024252, 0.014933564009212736, 0.03819407099294407, 4
238, 0.02642362716024252, 0.014933564009212736, 0.03819407099294407, 4
239, 0.02642362716024252, 0.014933564009212736, 0.03819407099294407, 4
240, 0.02642362716024252, 0.014933564009212736, 0.03819407099294407, 4
241, 0.02642362716024252, 0.014933564009212736, 0.03819407099294407, 4
242, 0.02642362716024252, 0.014933564009212736, 0.03819407099294407, 4
243, 0.02642362716024252, 0.014933564009212736, 0.03819407099294407, 4
244, 0.02642362716024252, 0.014933564009212736, 0.03819407099294407, 4
245, 0.02642362716024252, 0.014933564009212736, 0.03819407099294407, 4
246, 0.02642362716024252, 0.014933564009212736, 0.03819407099294407, 4
247, 0.02642362716024252, 0.014933564009212736, 0.03819407099294407, 4
248, 0.02642362716024252, 0.014933564009212736, 0.03819407099294407, 4
249, 0.02642362716024252, 0.014933564009212736, 0.03819407099294407, 4
250, 0.02642362716024252, 0.014933564009212736, 0.03819407099294407, 4
251, 0.02642362716024252, 0.014933564009212736, 0.03819407099294407, 4
252, 0.02642362716024252, 0.014933564009212736, 0.03819407099294407, 4
253, 0.02642362716024252, 0.014933564009212736, 0.03819407099294407, 4
254, 0.02642362716024252, 0.014933564009212736, 0.03819407099294407, 4
255, 0.02642362716024252, 0.014933564009212736, 0.03819407099294407, 4
256, 0.02642362716024252, 0.014933564009212736, 0.03819407099294407, 4
257, 0.02642362716024252, 0.014933564009212736, 0.03819407099294407, 4
258, 0.02642362716024252, 0.014933564009212736, 0.03819407099294407, 4
259, 0.02642362716024252, 0.014933564009212736, 0.03819407099294407, 4
260, 0.02642362716024252, 0.014933564009212736, 0.03819407099294407, 4
261, 0.02642362716024252, 0.014933564009212736, 0.03819407099294407, 4
262, 0.02642362716024252, 0.014933564009212736, 0.03819407099294407, 4
263, 0.02642362716024252, 0.014933564009212736, 0.03819407099294407, 4
264, 0.02642362716024252, 0.014933564009212736, 0.03819407099294407, 4
265, 0.02642362716024252, 0.014933564009212736, 0.03819407099294407, 4
266, 0.02642362716024252, 0.014933564009212736, 0.03819407099294407, 4
267, 0.02642362716024252, 0.014933564009212736, 0.03819407099294407, 4
268, 0.02642362716024252, 0.014933564009212736, 0.03819407099294407, 4
269, 0.02642362716024252, 0.014933564009212736, 0.03819407099294407, 4
270, 0.02642362716024252, 0.014933564009212736, 0.03819407099294407, 4
271, 0.02642362716024252, 0.014933564009212736, 0.03819407099294407, 4
272, 0.02642362716024252, 0.014933564009212736, 0.03819407099294407, 4
273, 0.02642362716024252, 0.014933564009212736, 0.03819407099294407, 4
274, 0.02642362716024252, 0.014933564009212736, 0.03819407099294407, 4
275, 0.02642362716024252, 0.014933564009212736, 0.03819407099294407, 4
276, 0.02642362716024252, 0.014933564009212736, 0.03819407099294407, 4
277, 0.02642362716024252, 0.014933564009212736, 0.03819407099294407, 4
278, 0.02642362716024252, 0.014933564009212736, 0.03819407099294407, 4
279, 0.02642362716024252, 0.014933564009212736, 0.03819407099294407, 4
280, 0.02642362716024252, 0.014933564009212736, 0.03819407099294407, 4
281, 0.02642362716024252, 0.014933564009212736, 0.03819407099294407, 4
282, 0.02642362716024252, 0.014933564009212736, 0.03819407099294407, 4
283, 0.02642362716024252, 0.014933564009212736, 0.03819407099294407, 4
284, 0.02642362716024252, 0.014933564009212736, 0.03819407099294407, 4
285, 0.02642362716024252, 0.014933564009212736, 0.03819407099294407, 4
286, 0.02642362716024252, 0.014933564009212736, 0.03819407099294407, 4
287, 0.02642362716024252, 0.014933564009212736, 0.03819407099294407, 4
288, 0.02642362716024252, 0.014933564009212736, 0.03819407099294407, 4
289, 0.02642362716024252, 0.014933564009212736, 0.03819407099294407, 4
290, 0.02642362716024252, 0.014933564009212736, 0.03819407099294407, 4
291, 0.02642362716024252, 0.014933564009212736, 0.03819407099294407, 4
292, 0.02642362716024252, 0.014933564009212736, 0.03819407099294407, 4
293, 0.02642362716024252, 0.014933564009212736, 0.03819407099294407, 4
294, 0.02642362716024252, 0.014933564009212736, 0.03819407099294407, 4
295, 0.02642362716024252, 0.014933564009212736, 0.03819407099294407, 4
296, 0.02642362716024252, 0.014933564009212736, 0.03819407099294407, 4
297, 0.02642362716024252, 0.014933564009212736, 0.03819407099294407, 4
298, 0.02642362716024252, 0.014933564009212736, 0.03819407099294407, 4
299, 0.02642362716024252, 0.014933564009212736, 0.03819407099294407, 4
300, 0.02642362716024252, 0.014933564009212736, 0.03819407099294407, 4
301, 0.02642362716024252, 0.014933564009212736, 0.03819407099294407, 4
302, 0.02642362716024252, 0.014933564009212736, 0.03819407099294407, 4
303, 0.02642362716024252, 0.014933564009212736, 0.03819407099294407, 4
304, 0.02642362716024252, 0.014933564009212736, 0.03819407099294407, 4
305, 0.02642362716024252, 0.014933564009212736, 0.03819407099294407, 4
306, 0.02642362716024252, 0.014933564009212736, 0.03819407099294407, 4
307, 0.02642362716024252, 0.014933564009212736, 0.03819407099294407, 4
308, 0.02642362716024252, 0.014933564009212736, 0.03819407099294407, 4
309, 0.02642362716024252, 0.014933564009212736, 0.03819407099294407, 4
310, 0.02642362716024252, 0.014933564009212736, 0.03819407099294407, 4
311, 0.02642362716024252, 0.014933564009212736, 0.03819407099294407, 4
312, 0.02642362716024252, 0.014933564009212736, 0.03819407099294407, 4
313, 0.02642362716024252, 0.014933564009212736, 0.03819407099294407, 4
314, 0.02642362716024252, 0.014933564009212736, 0.03819407099294407, 4
315, 0.02642362716024252, 0.014933564009212736, 0.03819407099294407, 4
316, 0.02642362716024252, 0.014933564009212736, 0.03819407099294407, 4
317, 0.02642362716024252, 0.014933564009212736, 0.03819407099294407, 4
318, 0.02642362716024252, 0.014933564009212736, 0.03819407099294407, 4
319, 0.02642362716024252, 0.014933564009212736, 0.03819407099294407, 4
320, 0.02642362716024252, 0.014933564009212736, 0.03819407099294407, 4
321, 0.02642362716024252, 0.014933564009212736, 0.03819407099294407, 4
322, 0.02642362716024252, 0.014933564009212736, 0.03819407099294407, 4
323, 0.02642362716024252, 0.014933564009212736, 0.03819407099294407, 4
324, 0.02642362716024252, 0.014933564009212736, 0.03819407099294407, 4
325, 0.02642362716024252, 0.014933564009212736, 0.03819407099294407, 4
326, 0.02642362716024252, 0.014933564009212736, 0.03819407099294407, 4
327, 0.02642362716024252, 0.014933564009212736, 0.03819407099294407, 4
328, 0.02642362716024252, 0.014933564009212736, 0.03819407099294407, 4
329, 0.02642362716024252, 0.014933564009212736, 0.03819407099294407, 4
330, 0.02642362716024252, 0.014933564009212736, 0.03819407099294407, 4
331, 0.02642362716024252, 0.014933564009212736, 0.03819407099294407, 4
332, 0.02642362716024252, 0.014933564009212736, 0.03819407099294407, 4
333, 0.02642362716024252, 0.014933564009212736, 0.03819407099294407, 4
334, 0.02642362716024252, 0.014933564009212736, 0.03819407099294407, 4
335, 0.02642362716024252, 0.014933564009212736, 0.03819407099294407, 4
336, 0.02642362716024252, 0.014933564009212736, 0.03819407099294407, 4
337, 0.02642362716024252, 0.014933564009212736, 0.03819407099294407, 4
338, 0.02642362716024252, 0.014933564009212736, 0.03819407099294407, 4
339, 0.02642362716024252, 0.014933564009212736, 0.03819407099294407, 4
340, 0.02642362716024252, 0.014933564009212736, 0.03819407099294407, 4
341, 0.02642362716024252, 0.014933564009212736, 0.03819407099294407, 4
342, 0.02642362716024252, 0.014933564009212736, 0.03819407099294407, 4
343, 0.02642362716024252, 0.014933564009212736, 0.03819407099294407, 4
344, 0.02642362716024252, 0.014933564009212736, 0.03819407099294407, 4
345, 0.02642362716024252, 0.014933564009212736, 0.03819407099294407, 4
346, 0.02642362716024252, 0.014933564009212736, 0.03819407099294407, 4
347, 0.02642362716024252, 0.014933564009212736, 0.03819407099294407, 4
348, 0.02642362716024252, 0.014933564009212736, 0.03819407099294407, 4
349, 0.02642362716024252, 0.014933564009212736, 0.03819407099294407, 4
350, 0.02642362716024252, 0.014933564009212736, 0.03819407099294407, 4
351, 0.02642362716024252, 0.014933564009212736, 0.03819407099294407, 4
352, 0.02642362716024252, 0.014933564009212736, 0.03819407099294407, 4
353, 0.02642362716024252, 0.014933564009212736, 0.03819407099294407, 4
354, 0.02642362716024252, 0.014933564009212736, 0.03819407099294407, 4
355, 0.02642362716024252, 0.014933564009212736, 0.03819407099294407, 4
356, 0.02642362716024252, 0.014933564009212736, 0.03819407099294407, 4
357, 0.02642362716024252, 0.014933564009212736, 0.03819407099294407, 4
358, 0.02642362716024252, 0.014933564009212736, 0.03819407099294407, 4
359, 0.02642362716024252, 0.014933564009212736, 0.03819407099294407, 4
360, 0.02642362716024252, 0.014933564009212736, 0.03819407099294407, 4
361, 0.02642362716024252, 0.014933564009212736, 0.03819407099294407, 4
362, 0.02642362716024252, 0.014933564009212736, 0.03819407099294407, 4
363, 0.02642362716024252, 0.014933564009212736, 0.03819407099294407, 4
364, 0.02642362716024252, 0.014933564009212736, 0.03819407099294407, 4
365, 0.02642362716024252, 0.014933564009212736, 0.03819407099294407, 4
366, 0.02642362716024252, 0.014933564009212736, 0.03819407099294407, 4
367, 0.02642362716024252, 0.014933564009212736, 0.03819407099294407, 4
368, 0.02642362716024252, 0.014933564009212736, 0.03819407099294407, 4
369, 0.02642362716024252, 0.014933564009212736, 0.03819407099294407, 4
370, 0.02642362716024252, 0.014933564009212736, 0.03819407099294407, 4
371, 0.02642362716024252, 0.014933564009212736, 0.03819407099294407, 4
372, 0.02642362716024252, 0.014933564009212736, 0.03819407099294407, 4
373, 0.02642362716024252, 0.014933564009212736, 0.03819407099294407, 4
374, 0.02642362716024252, 0.014933564009212736, 0.03819407099294407, 4
375, 0.02642362716024252, 0.014933564009212736, 0.03819407099294407, 4
376, 0.02642362716024252, 0.014933564009212736, 0.03819407099294407, 4
377, 0.02642362716024252, 0.014933564009212736, 0.03819407099294407, 4
378, 0.02642362716024252, 0.014933564009212736, 0.03819407099294407, 4
379, 0.02642362716024252, 0.014933564009212736, 0.03819407099294407, 4
380, 0.02642362716024252, 0.014933564009212736, 0.03819407099294407, 4
381, 0.02642362716024252, 0.014933564009212736, 0.03819407099294407, 4
382, 0.02642362716024252, 0.014933564009212736, 0.03819407099294407, 4
383, 0.02642362716024252, 0.014933564009212736, 0.03819407099294407, 4
384, 0.02642362716024252, 0.014933564009212736, 0.03819407099294407, 4
385, 0.02642362716024252, 0.014933564009212736, 0.03819407099294407, 4
386, 0.02642362716024252, 0.014933564009212736, 0.03819407099294407, 4
387, 0.02642362716024252, 0.014933564009212736, 0.03819407099294407, 4
388, 0.02642362716024252, 0.014933564009212736, 0.03819407099294407, 4
389, 0.02642362716024252, 0.014933564009212736, 0.03819407099294407, 4
390, 0.02642362716024252, 0.014933564009212736, 0.03819407099294407, 4
391, 0.02642362716024252, 0.014933564009212736, 0.03819407099294407, 4
392, 0.02642362716024252, 0.014933564009212736, 0.03819407099294407, 4
393, 0.02642362716024252, 0.014933564009212736, 0.03819407099294407, 4
394, 0.02642362716024252, 0.014933564009212736, 0.03819407099294407, 4
395, 0.02642362716024252, 0.014933564009212736, 0.03819407099294407, 4
396, 0.02642362716024252, 0.014933564009212736, 0.03819407099294407, 4
397, 0.02642362716024252, 0.014933564009212736, 0.03819407099294407, 4
398, 0.02642362716024252, 0.014933564009212736, 0.03819407099294407, 4
399, 0.02642362716024252, 0.014933564009212736, 0.03819407099294407, 4
400, 0.02642362716024252, 0.014933564009212736, 0.03819407099294407, 4
401, 0.02642362716024252, 0.014933564009212736, 0.03819407099294407, 4
402, 0.02642362716024252, 0.014933564009212736, 0.03819407099294407, 4
403, 0.02642362716024252, 0.014933564009212736, 0.03819407099294407, 4
404, 0.02642362716024252, 0.014933564009212736, 0.03819407099294407, 4
405, 0.02642362716024252, 0.014933564009212736, 0.03819407099294407, 4
406, 0.02642362716024252, 0.014933564009212736, 0.03819407099294407, 4
407, 0.02642362716024252, 0.014933564009212736, 0.03819407099294407, 4
408, 0.02642362716024252, 0.014933564009212736, 0.03819407099294407, 4
409, 0.02642362716024252, 0.014933564009212736, 0.03819407099294407, 4
410, 0.02642362716024252, 0.014933564009212736, 0.03819407099294407, 4
411, 0.02642362716024252, 0.014933564009212736, 0.03819407099294407, 4
412, 0.02642362716024252, 0.014933564009212736, 0.03819407099294407, 4
413, 0.02642362716024252, 0.014933564009212736, 0.03819407099294407, 4
414, 0.02642362716024252, 0.014933564009212736, 0.03819407099294407, 4
415, 0.02642362716024252, 0.014933564009212736, 0.03819407099294407, 4
416, 0.02642362716024252, 0.014933564009212736, 0.03819407099294407, 4
417, 0.02642362716024252, 0.014933564009212736, 0.03819407099294407, 4
418, 0.02642362716024252, 0.014933564009212736, 0.03819407099294407, 4
419, 0.02642362716024252, 0.014933564009212736, 0.03819407099294407, 4
420, 0.02642362716024252, 0.014933564009212736, 0.03819407099294407, 4
421, 0.02642362716024252, 0.014933564009212736, 0.03819407099294407, 4
422, 0.02642362716024252, 0.014933564009212736, 0.03819407099294407, 4
423, 0.02642362716024252, 0.014933564009212736, 0.03819407099294407, 4
424, 0.02642362716024252, 0.014933564009212736, 0.03819407099294407, 4
425, 0.02642362716024252, 0.014933564009212736, 0.03819407099294407, 4
426, 0.02642362716024252, 0.014933564009212736, 0.03819407099294407, 4
427, 0.02642362716024252, 0.014933564009212736, 0.03819407099294407, 4
428, 0.02642362716024252, 0.014933564009212736, 0.03819407099294407, 4
429, 0.02642362716024252, 0.014933564009212736, 0.03819407099294407, 4
430, 0.02642362716024252, 0.014933564009212736, 0.03819407099294407, 4
431, 0.02642362716024252, 0.014933564009212736, 0.03819407099294407, 4
432, 0.02642362716024252, 0.014933564009212736, 0.03819407099294407, 4
433, 0.02642362716024252, 0.014933564009212736, 0.03819407099294407, 4
434, 0.02642362716024252, 0.014933564009212736, 0.03819407099294407, 4
435, 0.02642362716024252, 0.014933564009212736, 0.03819407099294407, 4
436, 0.02642362716024252, 0.014933564009212736, 0.03819407099294407, 4
437, 0.02642362716024252, 0.014933564009212736, 0.03819407099294407, 4
438, 0.02642362716024252, 0.014933564009212736, 0.03819407099294407, 4
439, 0.02642362716024252, 0.014933564009212736, 0.03819407099294407, 4
440, 0.02642362716024252, 0.014933564009212736, 0.03819407099294407, 4
441, 0.02642362716024252, 0.014933564009212736, 0.03819407099294407, 4
442, 0.02642362716024252, 0.014933564009212736, 0.03819407099294407, 4
443, 0.02642362716024252, 0.014933564009212736, 0.03819407099294407, 4
444, 0.02642362716024252, 0.014933564009212736, 0.03819407099294407, 4
445, 0.02642362716024252, 0.014933564009212736, 0.03819407099294407, 4
446, 0.02642362716024252, 0.014933564009212736, 0.03819407099294407, 4
447, 0.02642362716024252, 0.014933564009212736, 0.03819407099294407, 4
448, 0.02642362716024252, 0.014933564009212736, 0.03819407099294407, 4
449, 0.02642362716024252, 0.014933564009212736, 0.03819407099294407, 4
450, 0.02642362716024252, 0.014933564009212736, 0.03819407099294407, 4
451, 0.02642362716024252, 0.014933564009212736, 0.03819407099294407, 4
452, 0.02642362716024252, 0.014933564009212736, 0.03819407099294407, 4
453, 0.02642362716024252, 0.014933564009212736, 0.03819407099294407, 4
454, 0.02642362716024252, 0.014933564009212736, 0.03819407099294407, 4
455, 0.02642362716024252, 0.014933564009212736, 0.03819407099294407, 4
456, 0.02642362716024252, 0.014933564009212736, 0.03819407099294407, 4
457, 0.02642362716024252, 0.014933564009212736, 0.03819407099294407, 4
458, 0.02642362716024252, 0.014933564009212736, 0.03819407099294407, 4
459, 0.02642362716024252, 0.014933564009212736, 0.03819407099294407, 4
460, 0.02642362716024252, 0.014933564009212736, 0.03819407099294407, 4
461, 0.02642362716024252, 0.014933564009212736, 0.03819407099294407, 4
462, 0.02642362716024252, 0.014933564009212736, 0.03819407099294407, 4
463, 0.02642362716024252, 0.014933564009212736, 0.03819407099294407, 4
464, 0.02642362716024252, 0.014933564009212736, 0.03819407099294407, 4
465, 0.02642362716024252, 0.014933564009212736, 0.03819407099294407, 4
466, 0.02642362716024252, 0.014933564009212736, 0.03819407099294407, 4
467, 0.02642362716024252, 0.014933564009212736, 0.03819407099294407, 4
468, 0.02642362716024252, 0.014933564009212736, 0.03819407099294407, 4
469, 0.02642362716024252, 0.014933564009212736, 0.03819407099294407, 4
470, 0.02642362716024252, 0.014933564009212736, 0.03819407099294407, 4
471, 0.02642362716024252, 0.014933564009212736, 0.03819407099294407, 4
472, 0.02642362716024252, 0.014933564009212736, 0.03819407099294407, 4
473, 0.02642362716024252, 0.014933564009212736, 0.03819407099294407, 4
474, 0.02642362716024252, 0.014933564009212736, 0.03819407099294407, 4
475, 0.02642362716024252, 0.014933564009212736, 0.03819407099294407, 4
476, 0.02642362716024252, 0.014933564009212736, 0.03819407099294407, 4
477, 0.02642362716024252, 0.014933564009212736, 0.03819407099294407, 4
478, 0.02642362716024252, 0.014933564009212736, 0.03819407099294407, 4
479, 0.02642362716024252, 0.014933564009212736, 0.03819407099294407, 4
480, 0.02642362716024252, 0.014933564009212736, 0.03819407099294407, 4
481, 0.02642362716024252, 0.014933564009212736, 0.03819407099294407, 4
482, 0.02642362716024252, 0.014933564009212736, 0.03819407099294407, 4
483, 0.02642362716024252, 0.014933564009212736, 0.03819407099294407, 4
484, 0.02642362716024252, 0.014933564009212736, 0.03819407099294407, 4
485, 0.02642362716024252, 0.014933564009212736, 0.03819407099294407, 4
486, 0.02642362716024252, 0.014933564009212736, 0.03819407099294407, 4
487, 0.02642362716024252, 0.014933564009212736, 0.03819407099294407, 4
488, 0.02642362716024252, 0.014933564009212736, 0.03819407099294407, 4
489, 0.02642362716024252, 0.014933564009212736, 0.03819407099294407, 4
490, 0.02642362716024252, 0.014933564009212736, 0.03819407099294407, 4
491, 0.02642362716024252, 0.014933564009212736, 0.03819407099294407, 4
492, 0.02642362716024252, 0.014933564009212736, 0.03819407099294407, 4
493, 0.02642362716024252, 0.014933564009212736, 0.03819407099294407, 4
494, 0.02642362716024252, 0.014933564009212736, 0.03819407099294407, 4
495, 0.02642362716024252, 0.014933564009212736, 0.03819407099294407, 4
496, 0.02642362716024252, 0.014933564009212736, 0.03819407099294407, 4
497, 0.02642362716024252, 0.014933564009212736, 0.03819407099294407, 4
498, 0.02642362716024252, 0.014933564009212736, 0.03819407099294407, 4
499, 0.02642362716024252, 0.014933564009212736, 0.03819407099294407, 4
500, 0.02642362716024252, 0.014933564009212736, 0.03819407099294407, 4
501, 0.02642362716024252, 0.014933564009212736, 0.03819407099294407, 4
