evals, mean, best, worst, success num
1, 3.6153533921419267, 2.965551195521358, 3.9999999999999996, 0
2, 3.55937933519614, 2.767258735551095, 3.9999999999999996, 0
3, 3.55937933519614, 2.767258735551095, 3.9999999999999996, 0
4, 3.55937933519614, 2.767258735551095, 3.9999999999999996, 0
5, 3.0474526456324575, 0.5480606249735362, 3.9999999999999996, 0
6, 3.0474526456324575, 0.5480606249735362, 3.9999999999999996, 0
7, 2.2298014939145436, 0.5280293235072057, 3.9999999999999996, 0
8, 2.2298014939145436, 0.5280293235072057, 3.9999999999999996, 0
9, 2.2298014939145436, 0.5280293235072057, 3.9999999999999996, 0
10, 2.2298014939145436, 0.5280293235072057, 3.9999999999999996, 0
11, 2.2298014939145436, 0.5280293235072057, 3.9999999999999996, 0
12, 2.2298014939145436, 0.5280293235072057, 3.9999999999999996, 0
13, 2.2298014939145436, 0.5280293235072057, 3.9999999999999996, 0
14, 2.2298014939145436, 0.5280293235072057, 3.9999999999999996, 0
15, 2.136135298671915, 0.6870761900299381, 3.4570867558713623, 0
16, 2.136135298671915, 0.6870761900299381, 3.4570867558713623, 0
17, 2.136135298671915, 0.6870761900299381, 3.4570867558713623, 0
18, 2.136135298671915, 0.6870761900299381, 3.4570867558713623, 0
19, 2.136135298671915, 0.6870761900299381, 3.4570867558713623, 0
20, 1.9596003866541825, 0.056202548261942674, 3.5636618612795945, 1
21, 1.9596003866541825, 0.056202548261942674, 3.5636618612795945, 1
22, 1.9596003866541825, 0.056202548261942674, 3.5636618612795945, 1
23, 1.9596003866541825, 0.056202548261942674, 3.5636618612795945, 1
24, 1.9596003866541825, 0.056202548261942674, 3.5636618612795945, 1
25, 1.9596003866541825, 0.056202548261942674, 3.5636618612795945, 1
26, 1.9596003866541825, 0.056202548261942674, 3.5636618612795945, 1
27, 1.9596003866541825, 0.056202548261942674, 3.5636618612795945, 1
28, 1.9596003866541825, 0.056202548261942674, 3.5636618612795945, 1
29, 1.9596003866541825, 0.056202548261942674, 3.5636618612795945, 1
30, 1.9596003866541825, 0.056202548261942674, 3.5636618612795945, 1
31, 1.9596003866541825, 0.056202548261942674, 3.5636618612795945, 1
32, 1.9596003866541825, 0.056202548261942674, 3.5636618612795945, 1
33, 1.9596003866541825, 0.056202548261942674, 3.5636618612795945, 1
34, 1.9596003866541825, 0.056202548261942674, 3.5636618612795945, 1
35, 1.9596003866541825, 0.056202548261942674, 3.5636618612795945, 1
36, 1.9596003866541825, 0.056202548261942674, 3.5636618612795945, 1
37, 1.9596003866541825, 0.056202548261942674, 3.5636618612795945, 1
38, 1.9596003866541825, 0.056202548261942674, 3.5636618612795945, 1
39, 1.9596003866541825, 0.056202548261942674, 3.5636618612795945, 1
40, 1.9596003866541825, 0.056202548261942674, 3.5636618612795945, 1
41, 1.9596003866541825, 0.056202548261942674, 3.5636618612795945, 1
42, 1.9596003866541825, 0.056202548261942674, 3.5636618612795945, 1
43, 1.9596003866541825, 0.056202548261942674, 3.5636618612795945, 1
44, 1.9596003866541825, 0.056202548261942674, 3.5636618612795945, 1
45, 1.9596003866541825, 0.056202548261942674, 3.5636618612795945, 1
46, 1.9596003866541825, 0.056202548261942674, 3.5636618612795945, 1
47, 1.9596003866541825, 0.056202548261942674, 3.5636618612795945, 1
48, 1.9596003866541825, 0.056202548261942674, 3.5636618612795945, 1
49, 1.9596003866541825, 0.056202548261942674, 3.5636618612795945, 1
50, 1.9596003866541825, 0.056202548261942674, 3.5636618612795945, 1
51, 1.9596003866541825, 0.056202548261942674, 3.5636618612795945, 1
52, 1.9596003866541825, 0.056202548261942674, 3.5636618612795945, 1
53, 1.9596003866541825, 0.056202548261942674, 3.5636618612795945, 1
54, 1.9596003866541825, 0.056202548261942674, 3.5636618612795945, 1
55, 1.9596003866541825, 0.056202548261942674, 3.5636618612795945, 1
56, 1.9596003866541825, 0.056202548261942674, 3.5636618612795945, 1
57, 1.9596003866541825, 0.056202548261942674, 3.5636618612795945, 1
58, 1.9596003866541825, 0.056202548261942674, 3.5636618612795945, 1
59, 1.9596003866541825, 0.056202548261942674, 3.5636618612795945, 1
60, 1.9596003866541825, 0.056202548261942674, 3.5636618612795945, 1
61, 1.9596003866541825, 0.056202548261942674, 3.5636618612795945, 1
62, 1.9596003866541825, 0.056202548261942674, 3.5636618612795945, 1
63, 1.9596003866541825, 0.056202548261942674, 3.5636618612795945, 1
64, 1.9596003866541825, 0.056202548261942674, 3.5636618612795945, 1
65, 1.9596003866541825, 0.056202548261942674, 3.5636618612795945, 1
66, 1.9596003866541825, 0.056202548261942674, 3.5636618612795945, 1
67, 1.9596003866541825, 0.056202548261942674, 3.5636618612795945, 1
68, 1.9596003866541825, 0.056202548261942674, 3.5636618612795945, 1
69, 1.9596003866541825, 0.056202548261942674, 3.5636618612795945, 1
70, 1.9596003866541825, 0.056202548261942674, 3.5636618612795945, 1
71, 1.9596003866541825, 0.056202548261942674, 3.5636618612795945, 1
72, 1.9596003866541825, 0.056202548261942674, 3.5636618612795945, 1
73, 1.9596003866541825, 0.056202548261942674, 3.5636618612795945, 1
74, 1.9596003866541825, 0.056202548261942674, 3.5636618612795945, 1
75, 1.9596003866541825, 0.056202548261942674, 3.5636618612795945, 1
76, 1.9596003866541825, 0.056202548261942674, 3.5636618612795945, 1
77, 1.9596003866541825, 0.056202548261942674, 3.5636618612795945, 1
78, 1.9596003866541825, 0.056202548261942674, 3.5636618612795945, 1
79, 1.9596003866541825, 0.056202548261942674, 3.5636618612795945, 1
80, 1.9596003866541825, 0.056202548261942674, 3.5636618612795945, 1
81, 1.9596003866541825, 0.056202548261942674, 3.5636618612795945, 1
82, 1.9596003866541825, 0.056202548261942674, 3.5636618612795945, 1
83, 1.9596003866541825, 0.056202548261942674, 3.5636618612795945, 1
84, 1.9596003866541825, 0.056202548261942674, 3.5636618612795945, 1
85, 1.9596003866541825, 0.056202548261942674, 3.5636618612795945, 1
86, 1.9596003866541825, 0.056202548261942674, 3.5636618612795945, 1
87, 1.9596003866541825, 0.056202548261942674, 3.5636618612795945, 1
88, 1.9596003866541825, 0.056202548261942674, 3.5636618612795945, 1
89, 1.9596003866541825, 0.056202548261942674, 3.5636618612795945, 1
90, 1.9596003866541825, 0.056202548261942674, 3.5636618612795945, 1
91, 1.9596003866541825, 0.056202548261942674, 3.5636618612795945, 1
92, 1.9596003866541825, 0.056202548261942674, 3.5636618612795945, 1
93, 1.9596003866541825, 0.056202548261942674, 3.5636618612795945, 1
94, 1.9596003866541825, 0.056202548261942674, 3.5636618612795945, 1
95, 1.9596003866541825, 0.056202548261942674, 3.5636618612795945, 1
96, 1.9596003866541825, 0.056202548261942674, 3.5636618612795945, 1
97, 1.9596003866541825, 0.056202548261942674, 3.5636618612795945, 1
98, 1.9596003866541825, 0.056202548261942674, 3.5636618612795945, 1
99, 1.9596003866541825, 0.056202548261942674, 3.5636618612795945, 1
100, 1.9596003866541825, 0.056202548261942674, 3.5636618612795945, 1
101, 1.9596003866541825, 0.056202548261942674, 3.5636618612795945, 1
102, 1.9596003866541825, 0.056202548261942674, 3.5636618612795945, 1
103, 1.9596003866541825, 0.056202548261942674, 3.5636618612795945, 1
104, 1.9596003866541825, 0.056202548261942674, 3.5636618612795945, 1
105, 1.9596003866541825, 0.056202548261942674, 3.5636618612795945, 1
106, 1.9596003866541825, 0.056202548261942674, 3.5636618612795945, 1
107, 1.9596003866541825, 0.056202548261942674, 3.5636618612795945, 1
108, 1.9596003866541825, 0.056202548261942674, 3.5636618612795945, 1
109, 1.9596003866541825, 0.056202548261942674, 3.5636618612795945, 1
110, 1.9596003866541825, 0.056202548261942674, 3.5636618612795945, 1
111, 1.9596003866541825, 0.056202548261942674, 3.5636618612795945, 1
112, 1.9596003866541825, 0.056202548261942674, 3.5636618612795945, 1
113, 1.9596003866541825, 0.056202548261942674, 3.5636618612795945, 1
114, 1.9596003866541825, 0.056202548261942674, 3.5636618612795945, 1
115, 1.9596003866541825, 0.056202548261942674, 3.5636618612795945, 1
116, 1.9596003866541825, 0.056202548261942674, 3.5636618612795945, 1
117, 1.9596003866541825, 0.056202548261942674, 3.5636618612795945, 1
118, 1.9596003866541825, 0.056202548261942674, 3.5636618612795945, 1
119, 1.9596003866541825, 0.056202548261942674, 3.5636618612795945, 1
120, 1.9596003866541825, 0.056202548261942674, 3.5636618612795945, 1
121, 1.9596003866541825, 0.056202548261942674, 3.5636618612795945, 1
122, 1.9596003866541825, 0.056202548261942674, 3.5636618612795945, 1
123, 1.9596003866541825, 0.056202548261942674, 3.5636618612795945, 1
124, 1.9596003866541825, 0.056202548261942674, 3.5636618612795945, 1
125, 1.9596003866541825, 0.056202548261942674, 3.5636618612795945, 1
126, 1.9596003866541825, 0.056202548261942674, 3.5636618612795945, 1
127, 1.9596003866541825, 0.056202548261942674, 3.5636618612795945, 1
128, 1.9596003866541825, 0.056202548261942674, 3.5636618612795945, 1
129, 1.9596003866541825, 0.056202548261942674, 3.5636618612795945, 1
130, 1.9596003866541825, 0.056202548261942674, 3.5636618612795945, 1
131, 1.9596003866541825, 0.056202548261942674, 3.5636618612795945, 1
132, 1.9596003866541825, 0.056202548261942674, 3.5636618612795945, 1
133, 1.9596003866541825, 0.056202548261942674, 3.5636618612795945, 1
134, 1.9596003866541825, 0.056202548261942674, 3.5636618612795945, 1
135, 1.9596003866541825, 0.056202548261942674, 3.5636618612795945, 1
136, 1.9596003866541825, 0.056202548261942674, 3.5636618612795945, 1
137, 1.9596003866541825, 0.056202548261942674, 3.5636618612795945, 1
138, 1.9596003866541825, 0.056202548261942674, 3.5636618612795945, 1
139, 1.9596003866541825, 0.056202548261942674, 3.5636618612795945, 1
140, 1.9596003866541825, 0.056202548261942674, 3.5636618612795945, 1
141, 1.9596003866541825, 0.056202548261942674, 3.5636618612795945, 1
142, 1.9596003866541825, 0.056202548261942674, 3.5636618612795945, 1
143, 1.9596003866541825, 0.056202548261942674, 3.5636618612795945, 1
144, 1.9596003866541825, 0.056202548261942674, 3.5636618612795945, 1
145, 1.9596003866541825, 0.056202548261942674, 3.5636618612795945, 1
146, 1.9596003866541825, 0.056202548261942674, 3.5636618612795945, 1
147, 1.9596003866541825, 0.056202548261942674, 3.5636618612795945, 1
148, 1.9596003866541825, 0.056202548261942674, 3.5636618612795945, 1
149, 1.9596003866541825, 0.056202548261942674, 3.5636618612795945, 1
150, 1.9596003866541825, 0.056202548261942674, 3.5636618612795945, 1
151, 1.9596003866541825, 0.056202548261942674, 3.5636618612795945, 1
152, 1.9596003866541825, 0.056202548261942674, 3.5636618612795945, 1
153, 1.9596003866541825, 0.056202548261942674, 3.5636618612795945, 1
154, 1.9596003866541825, 0.056202548261942674, 3.5636618612795945, 1
155, 1.9596003866541825, 0.056202548261942674, 3.5636618612795945, 1
156, 1.9596003866541825, 0.056202548261942674, 3.5636618612795945, 1
157, 1.9596003866541825, 0.056202548261942674, 3.5636618612795945, 1
158, 1.9596003866541825, 0.056202548261942674, 3.5636618612795945, 1
159, 1.9596003866541825, 0.056202548261942674, 3.5636618612795945, 1
160, 1.9596003866541825, 0.056202548261942674, 3.5636618612795945, 1
161, 1.9596003866541825, 0.056202548261942674, 3.5636618612795945, 1
162, 1.9596003866541825, 0.056202548261942674, 3.5636618612795945, 1
163, 1.9596003866541825, 0.056202548261942674, 3.5636618612795945, 1
164, 1.9596003866541825, 0.056202548261942674, 3.5636618612795945, 1
165, 1.9596003866541825, 0.056202548261942674, 3.5636618612795945, 1
166, 1.9596003866541825, 0.056202548261942674, 3.5636618612795945, 1
167, 1.9596003866541825, 0.056202548261942674, 3.5636618612795945, 1
168, 1.9596003866541825, 0.056202548261942674, 3.5636618612795945, 1
169, 1.9596003866541825, 0.056202548261942674, 3.5636618612795945, 1
170, 1.9596003866541825, 0.056202548261942674, 3.5636618612795945, 1
171, 1.9596003866541825, 0.056202548261942674, 3.5636618612795945, 1
172, 1.9596003866541825, 0.056202548261942674, 3.5636618612795945, 1
173, 1.9596003866541825, 0.056202548261942674, 3.5636618612795945, 1
174, 1.9596003866541825, 0.056202548261942674, 3.5636618612795945, 1
175, 1.9596003866541825, 0.056202548261942674, 3.5636618612795945, 1
176, 1.9596003866541825, 0.056202548261942674, 3.5636618612795945, 1
177, 1.9596003866541825, 0.056202548261942674, 3.5636618612795945, 1
178, 1.9596003866541825, 0.056202548261942674, 3.5636618612795945, 1
179, 1.9596003866541825, 0.056202548261942674, 3.5636618612795945, 1
180, 1.9596003866541825, 0.056202548261942674, 3.5636618612795945, 1
181, 1.9596003866541825, 0.056202548261942674, 3.5636618612795945, 1
182, 1.9596003866541825, 0.056202548261942674, 3.5636618612795945, 1
183, 1.9596003866541825, 0.056202548261942674, 3.5636618612795945, 1
184, 1.9596003866541825, 0.056202548261942674, 3.5636618612795945, 1
185, 1.9596003866541825, 0.056202548261942674, 3.5636618612795945, 1
186, 1.9596003866541825, 0.056202548261942674, 3.5636618612795945, 1
187, 1.9596003866541825, 0.056202548261942674, 3.5636618612795945, 1
188, 1.9596003866541825, 0.056202548261942674, 3.5636618612795945, 1
189, 1.9596003866541825, 0.056202548261942674, 3.5636618612795945, 1
190, 1.9596003866541825, 0.056202548261942674, 3.5636618612795945, 1
191, 1.9596003866541825, 0.056202548261942674, 3.5636618612795945, 1
192, 1.9596003866541825, 0.056202548261942674, 3.5636618612795945, 1
193, 1.9596003866541825, 0.056202548261942674, 3.5636618612795945, 1
194, 1.9596003866541825, 0.056202548261942674, 3.5636618612795945, 1
195, 1.9596003866541825, 0.056202548261942674, 3.5636618612795945, 1
196, 1.9596003866541825, 0.056202548261942674, 3.5636618612795945, 1
197, 1.9596003866541825, 0.056202548261942674, 3.5636618612795945, 1
198, 1.9596003866541825, 0.056202548261942674, 3.5636618612795945, 1
199, 1.9596003866541825, 0.056202548261942674, 3.5636618612795945, 1
200, 1.9596003866541825, 0.056202548261942674, 3.5636618612795945, 1
201, 1.9596003866541825, 0.056202548261942674, 3.5636618612795945, 1
202, 1.9596003866541825, 0.056202548261942674, 3.5636618612795945, 1
203, 1.9596003866541825, 0.056202548261942674, 3.5636618612795945, 1
204, 1.9596003866541825, 0.056202548261942674, 3.5636618612795945, 1
205, 1.9596003866541825, 0.056202548261942674, 3.5636618612795945, 1
206, 1.9596003866541825, 0.056202548261942674, 3.5636618612795945, 1
207, 1.9596003866541825, 0.056202548261942674, 3.5636618612795945, 1
208, 1.9596003866541825, 0.056202548261942674, 3.5636618612795945, 1
209, 1.9596003866541825, 0.056202548261942674, 3.5636618612795945, 1
210, 1.9596003866541825, 0.056202548261942674, 3.5636618612795945, 1
211, 1.9596003866541825, 0.056202548261942674, 3.5636618612795945, 1
212, 1.9596003866541825, 0.056202548261942674, 3.5636618612795945, 1
213, 1.9596003866541825, 0.056202548261942674, 3.5636618612795945, 1
214, 1.9596003866541825, 0.056202548261942674, 3.5636618612795945, 1
215, 1.9596003866541825, 0.056202548261942674, 3.5636618612795945, 1
216, 1.9596003866541825, 0.056202548261942674, 3.5636618612795945, 1
217, 1.9596003866541825, 0.056202548261942674, 3.5636618612795945, 1
218, 1.9596003866541825, 0.056202548261942674, 3.5636618612795945, 1
219, 1.9596003866541825, 0.056202548261942674, 3.5636618612795945, 1
220, 1.9596003866541825, 0.056202548261942674, 3.5636618612795945, 1
221, 1.9596003866541825, 0.056202548261942674, 3.5636618612795945, 1
222, 1.9596003866541825, 0.056202548261942674, 3.5636618612795945, 1
223, 1.9596003866541825, 0.056202548261942674, 3.5636618612795945, 1
224, 1.9596003866541825, 0.056202548261942674, 3.5636618612795945, 1
225, 1.9596003866541825, 0.056202548261942674, 3.5636618612795945, 1
226, 1.9596003866541825, 0.056202548261942674, 3.5636618612795945, 1
227, 1.9596003866541825, 0.056202548261942674, 3.5636618612795945, 1
228, 1.9596003866541825, 0.056202548261942674, 3.5636618612795945, 1
229, 1.9596003866541825, 0.056202548261942674, 3.5636618612795945, 1
230, 1.9596003866541825, 0.056202548261942674, 3.5636618612795945, 1
231, 1.9596003866541825, 0.056202548261942674, 3.5636618612795945, 1
232, 1.9596003866541825, 0.056202548261942674, 3.5636618612795945, 1
233, 1.9596003866541825, 0.056202548261942674, 3.5636618612795945, 1
234, 1.9596003866541825, 0.056202548261942674, 3.5636618612795945, 1
235, 1.9596003866541825, 0.056202548261942674, 3.5636618612795945, 1
236, 1.9596003866541825, 0.056202548261942674, 3.5636618612795945, 1
237, 1.9596003866541825, 0.056202548261942674, 3.5636618612795945, 1
238, 1.9596003866541825, 0.056202548261942674, 3.5636618612795945, 1
239, 1.9596003866541825, 0.056202548261942674, 3.5636618612795945, 1
240, 1.9596003866541825, 0.056202548261942674, 3.5636618612795945, 1
241, 1.9596003866541825, 0.056202548261942674, 3.5636618612795945, 1
242, 1.9596003866541825, 0.056202548261942674, 3.5636618612795945, 1
243, 1.9596003866541825, 0.056202548261942674, 3.5636618612795945, 1
244, 1.9596003866541825, 0.056202548261942674, 3.5636618612795945, 1
245, 1.9596003866541825, 0.056202548261942674, 3.5636618612795945, 1
246, 1.9596003866541825, 0.056202548261942674, 3.5636618612795945, 1
247, 1.9596003866541825, 0.056202548261942674, 3.5636618612795945, 1
248, 1.9596003866541825, 0.056202548261942674, 3.5636618612795945, 1
249, 1.9596003866541825, 0.056202548261942674, 3.5636618612795945, 1
250, 1.9596003866541825, 0.056202548261942674, 3.5636618612795945, 1
251, 1.9596003866541825, 0.056202548261942674, 3.5636618612795945, 1
252, 1.9596003866541825, 0.056202548261942674, 3.5636618612795945, 1
253, 1.9596003866541825, 0.056202548261942674, 3.5636618612795945, 1
254, 1.9596003866541825, 0.056202548261942674, 3.5636618612795945, 1
255, 1.9596003866541825, 0.056202548261942674, 3.5636618612795945, 1
256, 1.9596003866541825, 0.056202548261942674, 3.5636618612795945, 1
257, 1.9596003866541825, 0.056202548261942674, 3.5636618612795945, 1
258, 1.9596003866541825, 0.056202548261942674, 3.5636618612795945, 1
259, 1.9596003866541825, 0.056202548261942674, 3.5636618612795945, 1
260, 1.9596003866541825, 0.056202548261942674, 3.5636618612795945, 1
261, 1.9596003866541825, 0.056202548261942674, 3.5636618612795945, 1
262, 1.9596003866541825, 0.056202548261942674, 3.5636618612795945, 1
263, 1.9596003866541825, 0.056202548261942674, 3.5636618612795945, 1
264, 1.9596003866541825, 0.056202548261942674, 3.5636618612795945, 1
265, 1.9596003866541825, 0.056202548261942674, 3.5636618612795945, 1
266, 1.9596003866541825, 0.056202548261942674, 3.5636618612795945, 1
267, 1.9596003866541825, 0.056202548261942674, 3.5636618612795945, 1
268, 1.9596003866541825, 0.056202548261942674, 3.5636618612795945, 1
269, 1.9596003866541825, 0.056202548261942674, 3.5636618612795945, 1
270, 1.9596003866541825, 0.056202548261942674, 3.5636618612795945, 1
271, 1.9596003866541825, 0.056202548261942674, 3.5636618612795945, 1
272, 1.9596003866541825, 0.056202548261942674, 3.5636618612795945, 1
273, 1.9596003866541825, 0.056202548261942674, 3.5636618612795945, 1
274, 1.9596003866541825, 0.056202548261942674, 3.5636618612795945, 1
275, 1.9596003866541825, 0.056202548261942674, 3.5636618612795945, 1
276, 1.9596003866541825, 0.056202548261942674, 3.5636618612795945, 1
277, 1.9596003866541825, 0.056202548261942674, 3.5636618612795945, 1
278, 1.9596003866541825, 0.056202548261942674, 3.5636618612795945, 1
279, 1.9596003866541825, 0.056202548261942674, 3.5636618612795945, 1
280, 1.9596003866541825, 0.056202548261942674, 3.5636618612795945, 1
281, 1.9596003866541825, 0.056202548261942674, 3.5636618612795945, 1
282, 1.9596003866541825, 0.056202548261942674, 3.5636618612795945, 1
283, 1.9596003866541825, 0.056202548261942674, 3.5636618612795945, 1
284, 1.9596003866541825, 0.056202548261942674, 3.5636618612795945, 1
285, 1.9596003866541825, 0.056202548261942674, 3.5636618612795945, 1
286, 1.9596003866541825, 0.056202548261942674, 3.5636618612795945, 1
287, 1.9596003866541825, 0.056202548261942674, 3.5636618612795945, 1
288, 1.9596003866541825, 0.056202548261942674, 3.5636618612795945, 1
289, 1.9596003866541825, 0.056202548261942674, 3.5636618612795945, 1
290, 1.9596003866541825, 0.056202548261942674, 3.5636618612795945, 1
291, 1.9596003866541825, 0.056202548261942674, 3.5636618612795945, 1
292, 1.9596003866541825, 0.056202548261942674, 3.5636618612795945, 1
293, 1.9596003866541825, 0.056202548261942674, 3.5636618612795945, 1
294, 1.9596003866541825, 0.056202548261942674, 3.5636618612795945, 1
295, 1.9596003866541825, 0.056202548261942674, 3.5636618612795945, 1
296, 1.9596003866541825, 0.056202548261942674, 3.5636618612795945, 1
297, 1.9596003866541825, 0.056202548261942674, 3.5636618612795945, 1
298, 1.9596003866541825, 0.056202548261942674, 3.5636618612795945, 1
299, 1.9596003866541825, 0.056202548261942674, 3.5636618612795945, 1
300, 1.9596003866541825, 0.056202548261942674, 3.5636618612795945, 1
301, 1.9596003866541825, 0.056202548261942674, 3.5636618612795945, 1
302, 1.9596003866541825, 0.056202548261942674, 3.5636618612795945, 1
303, 1.9596003866541825, 0.056202548261942674, 3.5636618612795945, 1
304, 1.9596003866541825, 0.056202548261942674, 3.5636618612795945, 1
305, 1.9596003866541825, 0.056202548261942674, 3.5636618612795945, 1
306, 1.9596003866541825, 0.056202548261942674, 3.5636618612795945, 1
307, 1.9596003866541825, 0.056202548261942674, 3.5636618612795945, 1
308, 1.9596003866541825, 0.056202548261942674, 3.5636618612795945, 1
309, 1.9596003866541825, 0.056202548261942674, 3.5636618612795945, 1
310, 1.9596003866541825, 0.056202548261942674, 3.5636618612795945, 1
311, 1.9596003866541825, 0.056202548261942674, 3.5636618612795945, 1
312, 1.9596003866541825, 0.056202548261942674, 3.5636618612795945, 1
313, 1.9596003866541825, 0.056202548261942674, 3.5636618612795945, 1
314, 1.9596003866541825, 0.056202548261942674, 3.5636618612795945, 1
315, 1.9596003866541825, 0.056202548261942674, 3.5636618612795945, 1
316, 1.9596003866541825, 0.056202548261942674, 3.5636618612795945, 1
317, 1.9596003866541825, 0.056202548261942674, 3.5636618612795945, 1
318, 1.9596003866541825, 0.056202548261942674, 3.5636618612795945, 1
319, 1.9596003866541825, 0.056202548261942674, 3.5636618612795945, 1
320, 1.9596003866541825, 0.056202548261942674, 3.5636618612795945, 1
321, 1.9596003866541825, 0.056202548261942674, 3.5636618612795945, 1
322, 1.9596003866541825, 0.056202548261942674, 3.5636618612795945, 1
323, 1.9596003866541825, 0.056202548261942674, 3.5636618612795945, 1
324, 1.9596003866541825, 0.056202548261942674, 3.5636618612795945, 1
325, 1.9596003866541825, 0.056202548261942674, 3.5636618612795945, 1
326, 1.9596003866541825, 0.056202548261942674, 3.5636618612795945, 1
327, 1.9596003866541825, 0.056202548261942674, 3.5636618612795945, 1
328, 1.9596003866541825, 0.056202548261942674, 3.5636618612795945, 1
329, 1.9596003866541825, 0.056202548261942674, 3.5636618612795945, 1
330, 1.9596003866541825, 0.056202548261942674, 3.5636618612795945, 1
331, 1.9596003866541825, 0.056202548261942674, 3.5636618612795945, 1
332, 1.9596003866541825, 0.056202548261942674, 3.5636618612795945, 1
333, 1.9596003866541825, 0.056202548261942674, 3.5636618612795945, 1
334, 1.9596003866541825, 0.056202548261942674, 3.5636618612795945, 1
335, 1.9596003866541825, 0.056202548261942674, 3.5636618612795945, 1
336, 1.9596003866541825, 0.056202548261942674, 3.5636618612795945, 1
337, 1.9596003866541825, 0.056202548261942674, 3.5636618612795945, 1
338, 1.9596003866541825, 0.056202548261942674, 3.5636618612795945, 1
339, 1.9596003866541825, 0.056202548261942674, 3.5636618612795945, 1
340, 1.9596003866541825, 0.056202548261942674, 3.5636618612795945, 1
341, 1.9596003866541825, 0.056202548261942674, 3.5636618612795945, 1
342, 1.9596003866541825, 0.056202548261942674, 3.5636618612795945, 1
343, 1.9596003866541825, 0.056202548261942674, 3.5636618612795945, 1
344, 1.9596003866541825, 0.056202548261942674, 3.5636618612795945, 1
345, 1.9596003866541825, 0.056202548261942674, 3.5636618612795945, 1
346, 1.9596003866541825, 0.056202548261942674, 3.5636618612795945, 1
347, 1.9596003866541825, 0.056202548261942674, 3.5636618612795945, 1
348, 1.9596003866541825, 0.056202548261942674, 3.5636618612795945, 1
349, 1.9596003866541825, 0.056202548261942674, 3.5636618612795945, 1
350, 1.9596003866541825, 0.056202548261942674, 3.5636618612795945, 1
351, 1.9596003866541825, 0.056202548261942674, 3.5636618612795945, 1
352, 1.9596003866541825, 0.056202548261942674, 3.5636618612795945, 1
353, 1.9596003866541825, 0.056202548261942674, 3.5636618612795945, 1
354, 1.9596003866541825, 0.056202548261942674, 3.5636618612795945, 1
355, 1.9596003866541825, 0.056202548261942674, 3.5636618612795945, 1
356, 1.9596003866541825, 0.056202548261942674, 3.5636618612795945, 1
357, 1.9596003866541825, 0.056202548261942674, 3.5636618612795945, 1
358, 1.9596003866541825, 0.056202548261942674, 3.5636618612795945, 1
359, 1.9596003866541825, 0.056202548261942674, 3.5636618612795945, 1
360, 1.9596003866541825, 0.056202548261942674, 3.5636618612795945, 1
361, 1.9596003866541825, 0.056202548261942674, 3.5636618612795945, 1
362, 1.9596003866541825, 0.056202548261942674, 3.5636618612795945, 1
363, 1.9596003866541825, 0.056202548261942674, 3.5636618612795945, 1
364, 1.9596003866541825, 0.056202548261942674, 3.5636618612795945, 1
365, 1.9596003866541825, 0.056202548261942674, 3.5636618612795945, 1
366, 1.9596003866541825, 0.056202548261942674, 3.5636618612795945, 1
367, 1.9596003866541825, 0.056202548261942674, 3.5636618612795945, 1
368, 1.9596003866541825, 0.056202548261942674, 3.5636618612795945, 1
369, 1.9461803346046045, 0.37092164115346166, 3.4889438950866207, 0
370, 1.9461803346046045, 0.37092164115346166, 3.4889438950866207, 0
371, 1.9461803346046045, 0.37092164115346166, 3.4889438950866207, 0
372, 1.9461803346046045, 0.37092164115346166, 3.4889438950866207, 0
373, 1.9461803346046045, 0.37092164115346166, 3.4889438950866207, 0
374, 1.9461803346046045, 0.37092164115346166, 3.4889438950866207, 0
375, 1.9461803346046045, 0.37092164115346166, 3.4889438950866207, 0
376, 1.9461803346046045, 0.37092164115346166, 3.4889438950866207, 0
377, 1.9461803346046045, 0.37092164115346166, 3.4889438950866207, 0
378, 1.9461803346046045, 0.37092164115346166, 3.4889438950866207, 0
379, 1.9461803346046045, 0.37092164115346166, 3.4889438950866207, 0
380, 1.9461803346046045, 0.37092164115346166, 3.4889438950866207, 0
381, 1.9461803346046045, 0.37092164115346166, 3.4889438950866207, 0
382, 1.9461803346046045, 0.37092164115346166, 3.4889438950866207, 0
383, 1.9461803346046045, 0.37092164115346166, 3.4889438950866207, 0
384, 1.9461803346046045, 0.37092164115346166, 3.4889438950866207, 0
385, 1.9461803346046045, 0.37092164115346166, 3.4889438950866207, 0
386, 1.9461803346046045, 0.37092164115346166, 3.4889438950866207, 0
387, 1.9461803346046045, 0.37092164115346166, 3.4889438950866207, 0
388, 1.9461803346046045, 0.37092164115346166, 3.4889438950866207, 0
389, 1.9461803346046045, 0.37092164115346166, 3.4889438950866207, 0
390, 1.9461803346046045, 0.37092164115346166, 3.4889438950866207, 0
391, 1.9461803346046045, 0.37092164115346166, 3.4889438950866207, 0
392, 1.9461803346046045, 0.37092164115346166, 3.4889438950866207, 0
393, 1.9461803346046045, 0.37092164115346166, 3.4889438950866207, 0
394, 1.9461803346046045, 0.37092164115346166, 3.4889438950866207, 0
395, 1.9461803346046045, 0.37092164115346166, 3.4889438950866207, 0
396, 1.9461803346046045, 0.37092164115346166, 3.4889438950866207, 0
397, 1.9461803346046045, 0.37092164115346166, 3.4889438950866207, 0
398, 1.9461803346046045, 0.37092164115346166, 3.4889438950866207, 0
399, 1.9461803346046045, 0.37092164115346166, 3.4889438950866207, 0
400, 1.9461803346046045, 0.37092164115346166, 3.4889438950866207, 0
401, 1.9461803346046045, 0.37092164115346166, 3.4889438950866207, 0
402, 1.9461803346046045, 0.37092164115346166, 3.4889438950866207, 0
403, 1.9461803346046045, 0.37092164115346166, 3.4889438950866207, 0
404, 1.9461803346046045, 0.37092164115346166, 3.4889438950866207, 0
405, 1.9461803346046045, 0.37092164115346166, 3.4889438950866207, 0
406, 1.9461803346046045, 0.37092164115346166, 3.4889438950866207, 0
407, 1.9461803346046045, 0.37092164115346166, 3.4889438950866207, 0
408, 1.9461803346046045, 0.37092164115346166, 3.4889438950866207, 0
409, 1.9461803346046045, 0.37092164115346166, 3.4889438950866207, 0
410, 1.9461803346046045, 0.37092164115346166, 3.4889438950866207, 0
411, 1.9461803346046045, 0.37092164115346166, 3.4889438950866207, 0
412, 1.9461803346046045, 0.37092164115346166, 3.4889438950866207, 0
413, 1.9461803346046045, 0.37092164115346166, 3.4889438950866207, 0
414, 1.9461803346046045, 0.37092164115346166, 3.4889438950866207, 0
415, 1.9461803346046045, 0.37092164115346166, 3.4889438950866207, 0
416, 1.9461803346046045, 0.37092164115346166, 3.4889438950866207, 0
417, 1.9461803346046045, 0.37092164115346166, 3.4889438950866207, 0
418, 1.9461803346046045, 0.37092164115346166, 3.4889438950866207, 0
419, 1.9461803346046045, 0.37092164115346166, 3.4889438950866207, 0
420, 1.9461803346046045, 0.37092164115346166, 3.4889438950866207, 0
421, 1.9461803346046045, 0.37092164115346166, 3.4889438950866207, 0
422, 1.9461803346046045, 0.37092164115346166, 3.4889438950866207, 0
423, 1.9461803346046045, 0.37092164115346166, 3.4889438950866207, 0
424, 1.9461803346046045, 0.37092164115346166, 3.4889438950866207, 0
425, 1.9461803346046045, 0.37092164115346166, 3.4889438950866207, 0
426, 1.9461803346046045, 0.37092164115346166, 3.4889438950866207, 0
427, 1.9461803346046045, 0.37092164115346166, 3.4889438950866207, 0
428, 1.9461803346046045, 0.37092164115346166, 3.4889438950866207, 0
429, 1.9461803346046045, 0.37092164115346166, 3.4889438950866207, 0
430, 1.9461803346046045, 0.37092164115346166, 3.4889438950866207, 0
431, 1.9461803346046045, 0.37092164115346166, 3.4889438950866207, 0
432, 1.9461803346046045, 0.37092164115346166, 3.4889438950866207, 0
433, 1.9461803346046045, 0.37092164115346166, 3.4889438950866207, 0
434, 1.9461803346046045, 0.37092164115346166, 3.4889438950866207, 0
435, 1.9461803346046045, 0.37092164115346166, 3.4889438950866207, 0
436, 1.9461803346046045, 0.37092164115346166, 3.4889438950866207, 0
437, 1.9461803346046045, 0.37092164115346166, 3.4889438950866207, 0
438, 1.9461803346046045, 0.37092164115346166, 3.4889438950866207, 0
439, 1.9461803346046045, 0.37092164115346166, 3.4889438950866207, 0
440, 1.9461803346046045, 0.37092164115346166, 3.4889438950866207, 0
441, 1.9461803346046045, 0.37092164115346166, 3.4889438950866207, 0
442, 1.9461803346046045, 0.37092164115346166, 3.4889438950866207, 0
443, 1.9461803346046045, 0.37092164115346166, 3.4889438950866207, 0
444, 1.9461803346046045, 0.37092164115346166, 3.4889438950866207, 0
445, 1.9461803346046045, 0.37092164115346166, 3.4889438950866207, 0
446, 1.9461803346046045, 0.37092164115346166, 3.4889438950866207, 0
447, 1.9461803346046045, 0.37092164115346166, 3.4889438950866207, 0
448, 1.9461803346046045, 0.37092164115346166, 3.4889438950866207, 0
449, 1.9461803346046045, 0.37092164115346166, 3.4889438950866207, 0
450, 1.9461803346046045, 0.37092164115346166, 3.4889438950866207, 0
451, 1.9461803346046045, 0.37092164115346166, 3.4889438950866207, 0
452, 1.9461803346046045, 0.37092164115346166, 3.4889438950866207, 0
453, 1.9461803346046045, 0.37092164115346166, 3.4889438950866207, 0
454, 1.9461803346046045, 0.37092164115346166, 3.4889438950866207, 0
455, 1.9461803346046045, 0.37092164115346166, 3.4889438950866207, 0
456, 1.9461803346046045, 0.37092164115346166, 3.4889438950866207, 0
457, 1.9461803346046045, 0.37092164115346166, 3.4889438950866207, 0
458, 1.9461803346046045, 0.37092164115346166, 3.4889438950866207, 0
459, 1.9461803346046045, 0.37092164115346166, 3.4889438950866207, 0
460, 1.9461803346046045, 0.37092164115346166, 3.4889438950866207, 0
461, 1.9461803346046045, 0.37092164115346166, 3.4889438950866207, 0
462, 1.9461803346046045, 0.37092164115346166, 3.4889438950866207, 0
463, 1.9461803346046045, 0.37092164115346166, 3.4889438950866207, 0
464, 1.9461803346046045, 0.37092164115346166, 3.4889438950866207, 0
465, 1.9461803346046045, 0.37092164115346166, 3.4889438950866207, 0
466, 1.9461803346046045, 0.37092164115346166, 3.4889438950866207, 0
467, 1.9461803346046045, 0.37092164115346166, 3.4889438950866207, 0
468, 1.9461803346046045, 0.37092164115346166, 3.4889438950866207, 0
469, 1.9461803346046045, 0.37092164115346166, 3.4889438950866207, 0
470, 1.9461803346046045, 0.37092164115346166, 3.4889438950866207, 0
471, 1.9461803346046045, 0.37092164115346166, 3.4889438950866207, 0
472, 1.9461803346046045, 0.37092164115346166, 3.4889438950866207, 0
473, 1.9461803346046045, 0.37092164115346166, 3.4889438950866207, 0
474, 1.9461803346046045, 0.37092164115346166, 3.4889438950866207, 0
475, 1.9461803346046045, 0.37092164115346166, 3.4889438950866207, 0
476, 1.9461803346046045, 0.37092164115346166, 3.4889438950866207, 0
477, 1.9461803346046045, 0.37092164115346166, 3.4889438950866207, 0
478, 1.9461803346046045, 0.37092164115346166, 3.4889438950866207, 0
479, 1.9461803346046045, 0.37092164115346166, 3.4889438950866207, 0
480, 1.9461803346046045, 0.37092164115346166, 3.4889438950866207, 0
481, 1.9461803346046045, 0.37092164115346166, 3.4889438950866207, 0
482, 1.9461803346046045, 0.37092164115346166, 3.4889438950866207, 0
483, 1.9461803346046045, 0.37092164115346166, 3.4889438950866207, 0
484, 1.9461803346046045, 0.37092164115346166, 3.4889438950866207, 0
485, 1.9461803346046045, 0.37092164115346166, 3.4889438950866207, 0
486, 1.9461803346046045, 0.37092164115346166, 3.4889438950866207, 0
487, 1.9461803346046045, 0.37092164115346166, 3.4889438950866207, 0
488, 1.9461803346046045, 0.37092164115346166, 3.4889438950866207, 0
489, 1.9461803346046045, 0.37092164115346166, 3.4889438950866207, 0
490, 1.9461803346046045, 0.37092164115346166, 3.4889438950866207, 0
491, 1.9461803346046045, 0.37092164115346166, 3.4889438950866207, 0
492, 1.9461803346046045, 0.37092164115346166, 3.4889438950866207, 0
493, 1.9461803346046045, 0.37092164115346166, 3.4889438950866207, 0
494, 1.9461803346046045, 0.37092164115346166, 3.4889438950866207, 0
495, 1.9461803346046045, 0.37092164115346166, 3.4889438950866207, 0
496, 1.9461803346046045, 0.37092164115346166, 3.4889438950866207, 0
497, 1.9461803346046045, 0.37092164115346166, 3.4889438950866207, 0
498, 1.9461803346046045, 0.37092164115346166, 3.4889438950866207, 0
499, 1.9461803346046045, 0.37092164115346166, 3.4889438950866207, 0
500, 1.9461803346046045, 0.37092164115346166, 3.4889438950866207, 0
501, 1.9461803346046045, 0.37092164115346166, 3.4889438950866207, 0
